3.573003
3.687777
3.663975
3.659989
3.760654
3.848028
3.732191
3.584289
3.521583
3.616445
3.542506
3.341714
3.103523
3.154474
3.167255
3.210586
3.011549
3.162921
3.183239
3.379763
3.154401
3.165783
2.997666
2.990871
3.224966
3.138413
3.139439
3.140949
3.224426
3.303261
3.368416
3.395765
3.392119
3.280785
3.310654
3.460194
3.44265
3.349502
3.498685
3.279763
3.371382
3.473513
3.340958
3.453335
3.473211
3.584867
3.366669
3.384969
3.378083
3.429138
3.47606
3.435453
3.53773
3.565798
3.74961
3.896115
3.820978
3.832094
4.007681
3.910461
4.033723
3.975244
3.873596
3.915137
3.909442
3.931704
4.012904
4.055272
4.070597
4.094294
4.217198
4.129463
4.056868
4.111685
4.072099
4.042626
4.075985
4.080683
4.029687
3.844356
3.9458
3.937144
3.794588
4.054652
4.147034
4.164366
4.331457
4.328789
4.24379
4.208448
4.258912
4.224418
4.254141
4.245011
4.200986
4.023522
3.977128
3.750985
3.914752
3.749109
3.810655
3.810655
3.56658
3.481035
3.393984
3.153097
3.204382
3.275148
3.266473
3.301946
3.137112
3.072622
2.886058
2.97495
2.949982
2.909238
3.001617
3.047837
3.037275
3.004823
2.956428
2.890218
2.842579
2.992573
2.751457
2.803591
2.915428
3.036498
2.937151
3.12927
3.323671
3.356953
3.385675
3.505383
3.621999
3.603618
3.60671
3.560682
3.83394
3.787413
3.906985
4.053577
4.018458
3.933458
4.054853
4.190031
4.256871
4.184413
4.146486
4.193262
4.340463
4.406991
4.338244
4.465601
4.59203
4.545987
4.430891
4.270135
4.212323
4.250035
4.210723
4.318821
4.273974
4.135035
4.214864
4.121594
4.124669
4.167659
4.264498
4.146534
4.258517
4.215964
4.196069
4.047898
3.931751
3.718569
3.707504
3.799486
3.797833
3.903371
3.828641
3.658811
3.584785
3.930581
3.888998
4.096546
4.139852
4.217955
4.114056
4.212781
4.120694
4.413674
4.280952
4.242333
4.108877
3.976309
3.887875
3.864357
3.552472
3.751107
3.635156
3.67489
3.987269
3.964567
3.986755
4.03675
3.718227
3.794343
3.830768
3.84689
3.75326
3.792425
3.834001
3.951243
3.981725
4.031317
4.08705
4.272199
4.073488
3.973026
4.33628
4.132803
4.186837
4.364165
4.23531
3.987193
4.124674
3.95888
3.907236
3.71983
3.643041
3.770873
3.995888
3.90331
3.909602
3.88258
3.99254
3.978063
3.72443
3.697434
3.708678
3.786422
3.714194
3.91158
3.944642
4.102665
4.1496
4.212806
4.21286
4.266614
4.222243
4.390305
4.39492
4.443834
4.572331
4.592466
4.599355
4.69083
4.812311
4.873398
5.018848
5.06563
4.966777
5.08617
5.039278
4.86551
4.72855
4.601829
4.27509
4.384792
4.393385
4.507634
4.417961
4.399371
4.201133
4.343005
4.305223
4.244519
4.256044
4.258702
4.260382
4.330206
4.309569
4.181029
4.254279
4.232927
4.132599
3.978652
4.052195
4.281306
4.310963
4.348747
4.241599
4.158236
4.123461
4.070307
4.043176
3.924677
3.860673
3.869885
