781.0263
778.9916
774.3527
778.2351
778.0194
777.8202
780.5794
778.4929
777.7992
776.2461
776.8028
775.5992
775.5847
772.4519
770.6904
770.2618
769.2167
770.8224
770.7836
772.8019
772.4483
772.6836
775.2508
777.7087
772.6272
775.4726
777.0142
772.3824
773.2467
773.436
771.7842
770.6639
770.0064
770.02
770.2265
771.2194
774.7858
771.0303
772.3725
769.6897
770.0182
767.8515
769.8459
767.3948
770.5391
775.8332
772.505
771.0048
772.7708
773.735
774.4806
778.4575
776.4302
777.5299
776.207
775.7892
777.2166
776.7137
772.5897
774.3976
772.7102
767.917
772.824
772.0481
775.5048
776.5002
775.4751
770.9847
772.1287
772.9701
775.8191
773.3083
770.456
772.2771
777.3469
777.8552
777.7307
780.9741
778.8265
779.7125
781.0414
782.2082
785.5919
788.7101
788.908
791.8551
787.3608
785.9905
787.1406
780.2388
777.6157
774.8757
778.8981
782.5883
780.4134
785.4798
786.5953
784.6352
784.6607
782.7233
777.9541
779.2279
780.4417
778.8861
781.5972
778.0842
778.3195
782.7139
779.8886
780.3285
781.7942
781.3023
785.944
783.7667
780.4813
778.4963
781.1044
781.2913
779.9746
782.1014
780.2005
781.0844
775.5932
775.6767
773.385
776.0341
774.2145
775.3494
778.4026
775.544
775.055
775.0396
772.0567
770.3367
773.0092
775.1553
779.6244
776.6142
777.9432
777.3176
775.1612
774.0414
775.0932
776.8868
774.7948
777.1955
775.8309
775.1263
773.3488
774.3607
776.0032
773.8789
777.8096
781.4186
780.1322
781.6229
782.7626
783.2976
782.5952
782.2343
780.8702
779.2737
779.7929
780.3735
778.1272
778.6739
781.0365
779.8172
783.4275
784.5419
785.7819
791.1372
789.8356
792.4604
790.2724
788.8685
787.3051
788.4366
790.1759
791.0732
795.0254
795.4344
797.2706
793.0542
797.0443
794.5316
797.7034
795.0369
798.038
793.4609
795.0601
793.8111
793.7831
794.8859
793.7067
794.4231
794.1357
794.2207
789.7611
792.9759
795.0076
789.8098
787.8984
785.0771
787.1838
788.4012
785.9654
784.6053
787.1135
782.7993
789.0054
785.2053
783.1146
782.9582
783.409
783.2201
784.771
785.3865
788.3237
787.4706
788.2438
790.9473
790.7479
792.5446
790.4773
790.711
790.6354
792.2341
793.7621
790.2106
788.5781
788.9476
787.8158
783.4418
784.6477
786.8158
783.9101
784.2478
781.9885
778.3819
777.8361
774.6654
778.1145
783.6797
781.1252
783.0361
781.7994
786.248
787.8376
783.7394
783.7691
784.7017
781.384
782.1577
782.1484
782.6066
780.5017
781.6718
785.4625
786.003
786.9039
786.8029
787.0613
785.8193
790.4625
788.9895
787.1698
785.6277
783.0771
780.6148
780.7493
783.8545
788.4871
785.9188
787.2038
788.0308
788.6697
789.7065
788.6804
791.4453
793.2497
792.198
792.3099
791.8919
791.2678
785.7516
788.7147
787.2717
788.9109
786.7147
784.9159
782.914
783.8367
782.722
785.2368
786.8069
788.9081
792.6005
793.9295
792.0356
794.0198
789.6862
787.5678
788.6266
790.0942
790.4337
790.4249
793.9238
793.6582
795.0559
795.0632
794.4129
788.8493
790.5947
791.0535
793.2235
789.9286
789.8738
794.5173
793.2583
794.0734
790.2285
789.0333
790.3869
790.2898
787.4945
787.4266
790.5148
789.8471
790.8412
789.5877
788.5534
787.9816
783.7523
785.4309
784.3119
786.4508
789.3615
789.2785
789.1517
788.5802
789.0701
787.2025
787.555
788.0096
786.2944
786.1814
786.7612
792.174
790.643
790.1738
792.1223
796.6724
794.4976
797.3297
795.3113
790.6825
786.7276
792.2851
792.3873
791.7656
792.1542
794.2806
793.0252
791.9068
789.2301
783.766
784.1665
781.7424
784.8753
787.6396
786.557
788.2359
786.985
780.7251
781.1299
779.1654
775.9712
776.4458
776.8097
775.8303
770.9792
771.2844
771.8527
766.9244
771.8101
773.623
770.5727
769.273
767.7188
768.5365
772.4958
774.2034
772.8885
773.2886
768.3341
767.3121
765.313
762.9265
766.0841
766.1674
763.3266
761.9234
764.6132
766.0136
764.2337
766.1253
768.9051
768.5131
767.1282
768.6581
767.0156
764.9958
768.6317
767.0904
762.2363
763.3856
763.2418
762.3291
760.9778
758.3356
757.0575
759.4805
762.315
764.6004
762.8344
766.2841
764.7229
763.7457
765.8488
764.3067
768.4431
770.1727
769.7233
768.7694
765.4477
763.3971
761.8129
761.2581
759.5151
763.0765
763.0357
764.2801
770.2586
771.5688
775.1993
773.2771
771.3054
769.9131
766.3147
766.6967
769.5268
771.7962
767.8915
763.384
763.4957
765.9011
764.1851
765.9705
760.8613
759.5179
758.9159
759.7865
760.1322
763.5106
763.8183
767.3072
763.3484
765.5059
764.2207
762.8501
763.7021
758.9188
758.8274
758.7055
756.007
753.4224
753.6652
756.2788
755.8722
757.3374
754.5595
757.2078
755.3762
761.2507
766.2415
763.4592
762.5483
765.365
768.1437
772.0552
767.299
766.6616
766.6026
771.0649
774.0474
776.5056
775.7233
773.0044
778.2789
778.8425
774.2879
773.2462
772.1297
770.521
771.1185
771.4037
774.0915
771.7755
772.6089
769.9349
774.6278
776.546
776.4554
774.1835
773.6098
777.2847
782.9713
787.0614
787.5737
787.2774
786.5714
788.1172
788.4227
783.4571
785.3006
787.0347
783.6059
785.9333
783.7778
789.566
788.4941
786.5529
786.9608
783.6623
781.4314
778.9876
780.2165
782.1904
782.3824
782.0215
782.4
784.2275
782.5072
782.1924
783.9427
785.4749
786.2603
785.0205
784.1938
786.629
786.9664
787.7394
786.798
784.3405
787.2665
783.69
785.8875
787.5242
788.5231
793.2077
793.092
787.508
787.3722
787.3981
785.3979
784.1443
781.5629
782.5153
781.4586
782.3911
778.3813
778.242
777.307
778.1881
777.1919
777.2189
777.7051
779.2652
781.007
779.4864
777.2347
775.9658
779.665
779.986
781.5512
785.7243
784.8364
784.7517
781.8592
782.6936
782.3085
781.9279
784.1257
783.3304
785.1045
787.7606
788.0479
790.266
789.2557
789.2133
784.3719
786.1312
789.7847
789.6524
792.1691
793.8538
791.94
795.013
791.8627
794.0153
791.9905
790.0295
791.8051
792.6537
797.5469
797.1392
796.9285
796.4289
798.4784
796.6792
797.4983
795.1246
792.1432
791.3158
795.614
796.409
794.6295
792.3935
792.509
789.6593
791.2734
792.7012
788.2321
786.9021
787.0935
788.3291
790.9911
793.8483
792.1461
791.4593
793.7255
797.2488
792.3198
792.5978
792.5752
790.3405
787.7136
784.8598
788.0031
788.2726
787.4865
788.6273
787.4817
788.8628
786.5934
783.2187
780.5318
783.5103
783.7409
782.1627
779.418
778.0197
783.2568
783.4218
787.0525
788.3271
790.3906
789.8112
786.9772
782.9885
780.2006
776.893
776.4892
776.044
772.4413
770.6469
772.9018
773.4111
774.8455
772.7016
774.8452
772.3935
774.8439
777.7205
774.9966
776.9946
774.9192
773.2533
770.7103
773.3677
774.6595
773.3156
772.0081
773.1235
775.3938
771.2304
769.8607
770.0691
771.6833
773.7347
772.5594
769.7172
767.6454
768.8285
767.3825
769.1791
768.5146
767.4656
771.5049
772.1034
769.3007
767.4766
765.0062
764.6087
764.7504
762.9134
763.3561
759.9816
759.1568
758.9284
760.2777
760.8807
759.7742
763.8617
763.1131
763.556
763.6985
760.0656
760.965
763.0497
762.6532
764.8467
763.0035
764.0526
766.3214
768.5005
767.0294
765.6572
768.5474
769.844
770.1736
766.1931
765.7157
764.4112
761.2765
759.28
757.9417
758.5598
760.2329
763.2365
763.6876
764.6116
767.4986
764.9624
767.3327
768.6172
769.5187
772.0335
773.3654
773.1671
772.4701
772.0021
768.9631
768.0783
764.5919
766.7251
767.7185
763.3934
761.5319
760.6415
756.5465
756.0489
755.7311
755.1776
755.8689
756.36
750.3125
748.0883
747.3341
749.2211
747.6455
750.3858
751.7953
752.0425
751.6772
747.3464
749.0784
747.1484
746.5688
750.2099
752.6102
748.7115
751.7728
758.8046
756.9351
761.4736
759.1276
760.146
755.6647
753.4836
758.996
759.6373
761.7303
760.1803
759.4619
753.5189
751.8928
750.302
751.6565
747.5577
744.983
741.4243
740.4736
742.8123
742.3796
740.5802
740.9428
739.5044
741.2117
743.5629
742.0598
741.5461
741.9649
740.4131
737.8374
737.2703
736.9356
736.0677
736.9389
735.1174
735.0189
735.9609
734.8874
735.9649
738.3293
735.37
734.1982
734.0381
735.0016
730.8321
727.9095
728.6715
726.7083
727.0197
730.2544
729.6111
730.5956
731.2047
727.3892
729.4993
727.5763
724.0647
728.845
727.5554
730.7997
731.6368
731.3132
728.4465
726.8503
726.8995
728.5985
728.005
727.2472
727.7289
724.8417
724.4161
726.2827
727.8648
725.0761
719.7095
722.4384
723.2482
723.1464
722.1153
721.5994
725.0484
723.0473
722.7443
720.5836
720.3008
719.484
722.9015
723.2956
725.6451
722.393
724.3766
720.9915
716.8143
716.7638
717.2231
719.7173
719.7415
719.7382
717.4867
720.3394
718.8419
720.1733
722.3401
722.6459
721.3922
722.7384
723.3951
724.9391
722.9469
727.3389
726.8811
726.5512
725.0509
724.1722
729.3811
730.7416
730.7639
731.7903
728.6252
728.2664
726.2341
723.1706
723.589
727.2271
722.4277
720.7951
719.109
718.7482
713.8904
712.1188
710.2579
710.4509
708.3776
708.6589
704.4735
706.1361
706.2984
703.602
703.556
707.0547
709.1951
706.695
704.6217
706.1697
708.7577
707.8081
711.8422
709.389
709.2924
706.5924
708.1287
706.3799
709.3797
707.8642
708.3265
706.57
710.1773
710.9698
708.9818
709.259
705.4148
706.0294
706.2158
704.8582
707.4193
708.3427
710.0507
705.4281
705.3426
703.6287
702.1896
701.2976
700.5366
698.3332
702.1028
705.4565
706.5923
706.8571
707.4208
705.6678
706.0072
707.4206
703.0001
699.9914
702.6365
699.5659
697.9997
698.2554
695.2894
695.5319
694.5708
696.867
696.4602
694.9191
691.876
692.2918
693.1518
696.7777
697.7193
699.6694
700.5442
699.0123
699.449
697.6521
698.5287
698.1953
697.8335
696.1906
698.3682
700.4094
698.0706
697.5689
694.8554
696.2219
695.8212
694.4369
690.9933
689.638
690.9166
690.6727
690.335
690.2394
687.1985
688.3678
688.7729
687.7428
688.3255
688.734
688.3276
686.3608
687.4661
688.9891
687.2374
687.5884
686.6319
686.2232
685.5307
685.2041
683.163
679.5227
680.4404
684.211
687.2285
683.5569
680.7115
677.6072
674.4315
674.8799
672.6163
672.4269
668.8972
665.7673
666.885
664.0584
660.9143
662.1145
663.4692
664.0277
661.9738
662.8058
662.6358
660.2681
658.5
658.8401
658.7172
656.0177
655.8851
655.5255
657.1048
657.7503
657.6589
658.2315
656.9845
655.5717
658.1774
657.2192
656.4118
655.1479
653.3708
651.11
648.9756
650.3029
652.61
652.0523
653.2542
649.8707
652.0501
650.9709
654.4452
655.89
660.0956
660.5153
659.8847
660.5341
663.0576
666.7148
666.2821
664.8052
665.483
669.1285
666.0753
667.0298
669.2167
670.206
672.4218
674.2148
674.2707
676.7034
676.641
678.4493
679.2213
680.1743
677.6167
674.9044
675.3961
675.5563
673.9837
676.4303
673.5432
673.0978
676.7632
674.7118
671.48
670.3014
672.8166
672.1607
675.0138
675.065
677.0084
675.9292
676.1854
677.8976
677.3331
679.5198
681.4005
680.7561
678.5177
679.6837
676.7762
676.099
677.6764
677.671
677.262
679.8555
680.5433
676.2867
675.3154
672.769
672.675
674.46
675.0616
673.2782
672.6314
675.4567
671.5228
670.0604
670.7495
670.4256
670.4813
668.7086
665.3001
669.8175
669.729
665.6438
664.5323
661.4983
662.3671
667.9778
668.795
667.7932
666.8451
668.5037
668.0914
669.7145
666.5968
670.6878
671.8369
670.6213
674.7976
673.9351
673.2402
671.3649
672.7982
674.0995
674.1871
671.1732
670.5375
669.0338
671.6747
672.3542
675.7042
674.6612
674.6124
674.3617
676.054
674.8593
676.099
678.0573
679.9261
677.8084
678.6971
675.7029
675.7877
673.5583
672.1634
674.3801
676.3663
674.0579
674.0521
675.4849
673.6633
673.7647
674.337
672.7342
674.1497
673.0382
673.1473
670.4101
671.3771
673.2737
668.5265
669.7985
668.7103
665.7117
664.8915
661.7846
664.1162
663.9442
662.1919
663.4758
665.2681
663.3292
662.8064
659.8496
659.9852
661.4849
660.9588
662.1547
663.11
659.7987
660.9555
662.5188
661.6629
659.8737
659.8911
660.1429
658.8693
660.5834
657.6397
655.3266
656.011
656.6504
660.0632
658.2222
659.0015
656.7668
653.6454
653.9968
656.7802
651.8625
650.6419
651.9164
646.9361
644.9631
644.6412
644.5597
644.7588
642.36
644.2658
643.9587
645.7626
645.2382
646.7951
646.3783
644.966
644.1129
642.5691
645.7766
647.6724
650.7766
650.6533
647.5426
649.5252
647.7811
650.1132
649.92
649.0268
647.8922
647.5185
648.9769
646.9265
644.6454
643.2843
643.8653
643.7003
641.8416
641.2447
639.3421
637.7035
635.1467
630.6291
631.2581
634.8295
636.4187
635.8083
635.2369
637.7895
635.1275
636.5286
636.4229
635.0446
633.2191
632.7705
632.6961
635.4477
637.6019
636.9068
635.0164
637.2305
639.2065
638.509
637.3701
637.7938
637.1772
638.6153
637.698
634.8634
637.8756
639.2607
637.1725
639.249
641.7002
642.2819
642.5493
641.8371
643.1232
643.7712
644.7895
641.3472
642.1398
643.1447
644.5083
646.2523
647.4806
649.0377
649.3677
651.4412
653.7866
652.6174
652.2339
653.0556
652.9863
657.6045
658.4796
660.819
660.551
661.3346
658.7225
661.6084
661.8336
659.9387
661.9955
663.3058
662.4346
660.8181
660.6446
663.6728
663.5419
665.4648
664.5825
666.4751
669.3729
669.1081
666.8426
669.5444
667.673
668.2205
664.2786
664.0723
664.012
662.775
663.7799
663.0202
660.0846
657.7087
658.0141
657.555
657.0526
661.276
660.3691
658.9428
659.4319
657.0197
658.4785
659.0622
659.3846
656.9216
658.7618
661.541
661.2681
658.5488
656.085
656.558
655.2819
655.6909
656.8469
652.5166
651.1989
649.4035
648.2131
648.8535
649.5542
650.4972
647.399
646.7455
645.9346
645.3797
642.9795
642.3555
643.525
642.3879
643.4758
639.6558
640.3953
641.8362
641.6282
644.3981
643.222
643.165
644.8796
642.7169
643.4222
644.2536
646.97
645.0698
643.9763
642.4085
640.4375
638.0153
637.4839
638.6075
639.1872
638.4037
637.9963
636.2534
633.8344
631.4519
631.5823
631.4886
628.0149
629.2871
625.245
624.9431
624.7321
624.5309
626.9273
627.2017
625.0746
625.3369
625.349
624.7632
626.6375
626.5096
622.5435
620.2391
621.9631
622.1863
620.5915
623.0505
624.0624
624.9711
622.4838
621.3955
621.5257
620.0898
618.4054
618.222
619.8172
616.7182
615.4985
611.7784
609.6015
609.193
607.1227
606.6507
606.6462
609.9307
613.2051
613.0224
612.6427
612.3401
613.877
611.2228
612.4184
611.567
613.2341
610.882
609.0327
609.981
611.3762
610.4436
612.6176
613.1074
614.105
615.1797
616.3176
615.154
613.9319
612.6347
614.68
616.0477
615.5266
618.8547
615.6345
616.8267
614.896
613.7313
611.3634
612.7925
611.0648
609.7195
612.109
609.9802
609.1455
608.4237
606.2203
607.2401
605.8541
605.0077
605.5825
607.6873
609.728
611.4808
612.8048
614.2514
614.5993
615.8921
614.9973
614.4033
615.1784
613.9178
613.6259
611.9717
616.1664
617.8922
615.9137
617.3887
612.5508
616.4662
619.4235
619.723
621.9413
621.2375
624.6447
624.8104
622.9647
621.4642
618.5853
618.7457
617.2775
616.0902
614.7746
613.6183
614.3866
611.604
611.4143
610.4648
610.738
610.1547
609.4641
609.2709
610.7407
612.1545
615.88
618.5012
616.4159
617.1901
616.0809
615.4471
616.2651
618.5626
618.6611
619.8564
619.4902
618.3235
616.648
618.924
621.1807
620.3374
619.7989
617.4414
617.783
613.6761
611.5286
614.186
615.4229
612.4427
613.6809
612.9009
613.3501
615.2211
617.8275
621.7751
620.3606
621.8804
622.0149
623.7707
624.8327
628.683
628.4508
628.1369
625.8768
624.0339
624.5115
624.8068
624.5094
623.5694
627.0888
626.0604
626.8454
628.6096
630.0849
631.1674
635.144
635.6921
641.5591
641.1898
638.8931
637.8434
637.7311
636.9112
636.0618
634.8903
634.6668
633.2449
632.4364
633.5818
634.5292
633.346
634.0075
634.5182
632.1125
633.5151
632.5584
630.3847
631.6152
631.7932
629.2648
628.0908
626.3676
624.6808
622.9834
623.464
623.7532
627.5429
625.6656
629.7254
630.2058
628.4288
629.6627
632.4184
631.8234
633.5153
638.8926
642.6307
641.756
638.0008
638.9465
641.459
644.4897
643.2014
643.0064
642.0833
639.1038
638.37
637.9759
637.6589
639.3409
637.9699
638.986
638.5389
637.432
640.3195
639.9983
640.2354
638.7736
639.8898
641.6517
644.2414
645.8684
647.0792
643.347
638.5182
639.6972
638.3197
637.1191
635.0086
634.6231
635.8188
637.5838
636.042
632.0552
632.5327
636.0543
637.2182
634.6768
634.394
637.8554
638.4962
638.5809
635.5949
636.417
638.4046
639.9336
639.7603
640.4044
642.3025
646.9713
650.3837
650.7921
650.454
652.2357
651.7444
652.4852
652.9202
658.7604
658.0814
655.683
656.6397
659.984
660.9068
661.9343
661.1572
661.2616
659.9709
659.1822
662.5578
660.7259
662.1325
661.9816
660.8849
661.3628
659.6172
658.6738
656.7648
657.4138
656.7359
655.9662
655.6976
656.4892
656.3325
657.5702
655.1429
653.2505
650.0255
651.343
651.0349
647.4498
643.8122
646.045
645.3998
645.8968
645.0836
643.6575
643.5812
646.0036
647.0859
642.5297
645.5381
646.6511
646.4537
647.3692
646.4544
645.5534
644.7347
645.136
644.5366
644.7747
643.1419
643.9631
643.9547
646.3858
647.5884
647.4206
647.1122
647.1967
646.8355
651.7315
649.8352
649.3006
650.4683
654.1713
657.9856
659.4245
661.2136
664.4636
662.8435
665.7745
664.2693
663.4732
662.768
656.4565
655.0863
654.3875
652.5212
652.888
652.2243
655.4161
657.891
660.617
658.8816
660.0176
662.0886
661.6067
659.322
659.2154
655.8409
653.4346
655.3576
652.6839
650.1901
652.9604
654.8105
654.0862
654.5681
653.9456
651.7843
649.6815
647.512
645.1701
646.4341
648.3181
645.5982
648.0713
648.3926
652.1087
649.5966
652.3346
649.971
650.5923
648.7743
646.6029
648.2101
649.4198
648.1251
649.5761
648.6728
647.9969
648.5192
652.3395
652.6547
651.8025
653.0201
653.6208
652.6392
653.0538
651.9255
651.7946
648.0723
651.0476
649.3514
649.7254
652.6382
652.9018
651.5365
649.0242
652.7182
654.5937
655.9206
654.7585
653.4604
651.1358
651.2743
649.9873
651.4695
651.0747
649.0395
646.968
649.364
644.6561
647.8533
649.1011
647.5001
646.989
649.556
650.8554
649.5614
653.5837
653.2534
656.3226
654.443
655.7457
656.0046
654.849
656.6432
656.3357
658.3007
659.8407
656.9822
657.8274
655.9359
655.8513
655.9094
657.8079
659.4179
657.429
656.7312
660.6782
664.2294
663.5924
660.1644
656.3103
656.5254
655.7864
653.7534
653.2264
652.7159
653.7265
655.985
653.7645
653.6964
651.3923
649.6727
648.8584
647.1356
646.6114
649.9087
652.2802
650.0983
648.7841
649.3699
651.188
652.9487
652.8994
653.6469
651.4493
649.428
649.5117
652.63
653.1381
650.5148
646.7649
648.0412
648.1526
645.0949
647.0648
645.2725
646.9347
648.8533
645.9946
645.6302
644.571
643.4523
642.7638
643.1171
643.7089
645.9374
646.8127
649.3383
648.8537
650.6049
653.6381
653.263
649.5182
649.6723
650.2389
649.3739
649.9518
649.5526
650.6269
653.3882
651.9152
649.9308
649.0598
648.4945
651.0944
651.4663
651.9121
653.4319
653.538
656.499
659.6942
657.1942
657.167
659.1394
655.3039
655.7296
656.0829
654.3005
655.8187
656.9458
654.044
655.3953
653.1715
650.8083
649.6246
651.025
650.6618
649.3598
651.4989
651.5238
655.7835
655.6533
656.4682
652.2656
651.995
654.0607
654.5114
651.9641
651.494
650.4435
650.9432
651.2118
648.6907
651.2564
652.9516
652.8194
652.9268
654.2224
652.5647
653.1711
650.9456
652.0469
651.5075
651.5687
650.6812
646.7806
644.846
646.5761
644.8885
643.7492
646.7476
649.2305
650.1702
654.5293
652.1738
655.0168
655.377
652.8764
652.3604
653.3122
651.5983
651.734
651.9228
650.5685
653.0148
655.2149
655.6131
652.9712
651.2235
649.1814
648.1506
652.3546
653.874
657.3705
657.4161
658.9339
658.5102
657.3092
657.1565
659.1237
664.5408
662.7412
662.3585
667.3637
672.3249
675.2317
677.6861
676.5758
675.8277
673.9452
674.9642
678.2221
676.3118
673.9431
672.1345
675.3166
675.9731
675.4545
673.5472
674.5739
675.3028
678.6016
678.3423
678.281
679.7295
680.691
682.7428
681.6019
678.3935
679.1013
675.5304
675.8809
677.053
676.9711
679.6082
683.7787
683.3326
678.6274
680.7461
684.2487
685.4272
688.1834
688.0614
690.431
695.781
698.6949
699.4173
694.9685
696.3064
696.87
696.4386
695.6421
696.8985
702.0812
701.1622
700.1581
696.5784
695.8426
698.0717
695.5366
696.7768
698.0157
698.0587
699.468
698.2365
700.7305
699.1658
698.1173
699.489
700.4539
702.2605
700.667
701.6898
701.1093
696.5767
695.8125
696.291
696.518
697.4783
695.2086
694.6367
692.4472
694.9042
695.1785
694.521
696.0452
695.9419
697.6595
695.5462
696.452
694.7076
695.8633
694.6116
691.5444
692.1047
689.6183
687.1399
686.5609
681.8642
681.828
682.8154
682.3227
680.2975
682.0702
680.2216
678.4814
681.4412
682.853
683.1138
683.5918
682.2832
682.9262
682.297
684.7848
684.2586
684.0305
684.1624
683.8101
684.0577
681.1198
676.4054
675.8553
676.3327
677.2671
678.0163
679.5427
679.0238
678.5722
678.137
679.2105
677.0964
678.026
678.8309
675.0149
673.7821
673.2089
669.3702
666.0044
665.7608
664.7771
662.9126
660.646
658.6587
658.8047
659.8005
662.4266
659.5582
656.2904
657.3823
655.9383
653.781
652.5683
650.7475
652.8542
653.1009
651.259
649.5807
651.7127
650.5657
649.7038
650.0256
648.0952
645.6387
645.4633
645.4539
643.8724
646.1067
644.3331
640.5232
640.7356
639.686
636.9858
636.2534
635.7712
637.122
633.5787
637.3721
634.5879
635.5755
633.9749
630.435
630.5102
632.2141
632.7712
635.4094
636.136
635.7475
635.0242
635.0332
633.5371
631.1787
628.7887
631.2509
633.0336
629.8071
623.3195
624.1948
622.2383
624.9937
625.4846
626.2901
626.3356
626.5147
626.2244
626.8188
630.0262
631.3238
629.493
627.9831
630.8003
633.588
633.5064
630.5752
628.9757
628.583
626.95
627.3849
628.4688
627.0485
623.0075
622.4946
625.1999
624.0531
624.9404
624.1401
625.0048
626.4443
625.0819
624.3704
626.2842
625.302
628.0148
626.6021
626.9858
626.9503
623.7402
624.3344
622.2007
621.5374
622.8352
619.9518
622.1925
621.0976
622.3908
621.5351
622.015
618.6437
618.6201
619.8258
620.6811
621.4555
619.277
617.647
619.5149
618.5886
618.5594
617.0882
613.8688
617.0017
615.245
615.0659
615.4207
614.1899
613.7209
611.872
608.8292
607.9146
608.8477
607.3884
611.2046
614.0332
615.5811
614.9195
615.5315
616.0343
617.1365
618.0275
620.5734
620.0205
621.2243
620.6289
618.9969
620.0451
617.188
620.9543
621.4946
623.4818
623.6026
623.9392
627.6728
627.9406
628.3548
628.0489
629.631
630.5853
628.0527
624.6596
626.7688
624.5287
623.4109
623.2195
622.3491
622.6847
621.8948
621.0914
620.7552
621.0034
619.1293
619.8223
614.7379
614.896
614.5517
615.4845
611.5478
610.8366
609.1575
610.9599
610.0399
606.5022
608.224
606.6844
609.4581
611.0244
610.1795
609.0518
611.1357
607.4193
605.4143
607.5879
605.9212
605.777
608.797
610.9202
612.2333
611.4236
611.9518
615.165
616.3783
617.4114
613.6962
614.5164
616.544
617.4758
