551.8303
550.3421
549.6442
550.6484
549.8107
550.0211
548.0059
547.9156
548.0973
548.2123
550.8913
553.5337
553.8175
552.5125
551.938
550.5136
553.0212
554.2778
555.2632
557.4153
557.704
558.9522
559.4118
555.9784
557.7122
558.6216
557.6802
555.5531
555.9421
555.4891
555.4947
554.0555
555.1312
554.2343
553.5604
554.5972
554.4892
554.3553
554.7701
553.1596
552.8683
552.8887
554.1026
554.1207
554.4605
552.6338
554.2341
556.0161
555.7521
558.9019
558.6188
555.7042
555.733
554.6924
554.8715
553.5259
553.4662
555.4602
555.8262
553.2124
552.2933
551.5524
551.8764
553.6997
552.503
556.896
554.1424
555.3651
555.0365
556.4435
554.6294
553.9633
552.9751
550.5555
551.9838
552.8493
555.5203
555.4572
554.2419
554.8978
554.151
552.8326
555.1338
553.6762
556.5872
555.8938
554.2341
550.35
550.3878
552.508
550.8104
551.8446
552.3069
551.9823
551.1332
548.5261
549.3004
545.4487
545.87
546.4249
546.295
547.3675
547.1875
546.3395
543.3904
543.2154
543.6468
549.7492
549.1369
551.513
550.1813
550.6659
551.5886
551.9141
552.1047
554.5192
555.5034
555.6484
556.1805
555.9216
556.2757
555.4952
556.3565
553.79
554.9781
558.0189
555.7593
553.1563
554.6554
554.6617
556.2564
556.3632
559.6551
560.315
562.5139
562.4971
563.1302
562.4954
560.459
563.1702
559.6356
558.01
560.4705
562.5247
559.8611
557.3585
555.6809
553.1139
553.7067
550.6176
552.8526
552.4803
553.9028
556.5546
559.3062
561.8933
560.4508
560.824
563.3545
560.6295
560.6177
561.3265
561.0378
561.4995
560.7851
559.1675
558.1858
558.2332
559.5755
564.152
562.5187
566.1342
568.7098
564.8851
564.6084
567.3718
565.3363
562.7863
560.8768
561.1412
562.2831
562.5246
561.5502
563.1722
563.9256
561.3614
559.3148
561.4107
563.0926
563.3402
563.1092
563.4503
562.7916
561.3922
559.3604
561.5782
563.9634
565.7801
561.7932
563.7273
559.7939
561.3104
561.5986
564.0262
564.7788
565.9884
567.1015
567.1873
568.8737
567.6322
570.9456
568.5579
570.0914
570.9341
571.7601
571.9685
572.278
572.821
574.5492
572.8217
575.1583
575.6699
574.7532
571.9676
570.6698
571.4031
572.2871
569.6066
567.3071
568.2469
568.7359
569.6265
568.1754
567.7509
566.3162
565.1894
567.1303
564.3886
563.1563
566.1336
563.955
565.9028
566.9526
567.8779
567.8482
571.0465
570.2126
570.1439
570.1789
569.7558
570.1771
571.6774
572.0235
570.059
569.0629
570.0444
567.8214
569.5147
567.699
569.6023
570.0056
567.1732
565.0184
564.018
565.7454
564.9393
564.4285
562.865
564.0227
561.8742
564.38
564.0148
559.7265
557.5398
556.4518
556.9847
557.821
556.7016
555.8382
552.5478
554.9109
557.088
555.2022
555.47
556.6711
556.2042
555.1319
555.8234
553.2552
555.9695
553.133
552.2148
553.7219
551.9076
551.7196
550.7963
550.7706
549.3269
551.1233
552.4567
552.897
552.8346
553.4339
556.3121
556.6644
557.0398
556.3796
550.1883
549.5875
550.1311
551.7669
549.8667
551.9486
553.0298
551.966
550.3105
551.8724
554.2087
550.737
551.1741
553.0079
553.4165
554.5077
556.0429
556.3306
556.6725
556.5853
559.1557
561.1292
561.9981
564.6185
561.4527
563.2837
561.9867
561.298
561.7573
561.1228
558.8422
559.6383
560.8704
564.0935
565.028
564.4521
564.6758
564.6002
563.0664
565.0619
561.4532
561.5551
560.7781
558.4444
558.8146
559.0649
557.8522
560.4166
562.1163
565.0936
563.8383
562.0087
561.5864
561.1217
562.5236
562.2375
562.171
564.8019
565.6123
566.3547
565.7852
564.9924
566.3553
567.4296
562.4233
561.1794
560.572
560.5825
560.0068
560.3479
560.3268
562.5373
561.641
559.9043
560.9867
563.2918
564.1871
563.4849
564.9828
562.6152
562.5231
561.9905
560.733
561.9456
564.2284
565.5204
566.3764
567.2797
566.5865
566.5589
568.1092
567.7091
568.8967
568.6535
568.2703
568.7522
571.6048
572.4477
570.9215
574.5246
574.513
575.3758
576.1711
576.2494
577.1318
574.9108
574.1146
572.6783
572.3818
574.2204
574.9495
575.4739
575.0847
577.7041
576.6216
571.757
573.2633
574.3533
574.4797
575.2061
573.992
576.9611
579.4225
579.795
580.6775
577.38
578.1117
575.7531
574.4252
575.7308
573.086
572.8311
571.4086
570.6577
570.6865
569.4405
569.9802
569.2453
570.32
571.0523
571.3291
570.5754
569.0209
567.6345
566.2512
563.253
561.3952
562.2834
562.8995
563.6159
563.3245
563.9805
565.2216
564.931
564.6142
562.9342
563.4459
564.5465
564.865
564.0367
564.7729
564.9203
566.1081
566.0909
566.497
568.9827
570.4994
570.4846
567.0671
564.9024
564.2669
562.3365
561.4284
564.5078
566.4474
566.8826
565.4393
567.1378
566.4537
563.5502
565.9302
564.9157
563.3472
564.504
564.3909
563.8729
564.2217
564.2936
565.4474
569.4981
569.9805
568.1182
568.8703
571.1107
571.2623
569.287
571.1925
571.6436
569.0324
570.565
569.5259
568.4948
564.5068
564.3106
567.0994
564.8476
565.9121
561.3136
560.224
560.7964
563.7062
564.5073
565.0775
566.1321
567.6934
568.3532
569.6811
568.5914
565.6675
566.405
567.489
568.7052
567.6817
567.1467
563.6579
563.5243
562.3674
564.5472
562.7071
564.2519
565.2415
566.0692
566.9806
563.9883
561.9233
562.5735
559.1088
561.1371
564.7902
563.4125
562.1671
561.4993
560.7303
559.454
559.4528
560.6788
561.2295
560.6327
561.3036
563.4329
561.5181
561.6908
562.6407
560.8852
560.8001
560.7055
561.5497
562.1939
562.3849
563.0949
562.0102
562.0454
562.0632
562.8251
560.0506
561.383
556.979
555.7129
555.3353
555.0617
558.724
556.3261
554.2473
556.8209
557.3589
559.3519
559.019
562.5869
562.4881
562.1396
564.9963
561.6365
558.2734
558.3758
557.2734
559.3798
556.6551
557.3903
554.5355
554.8968
556.4356
555.5982
557.0656
559.4124
560.5795
560.1568
560.1304
560.4082
560.3736
558.3912
559.1447
556.3523
556.3982
555.4632
554.1374
554.2439
552.9022
549.767
547.8208
548.3353
548.4902
548.0186
548.3461
547.4112
546.9677
545.7327
544.6823
544.2438
542.2274
540.7257
542.2297
541.8826
539.7067
540.7717
544.6154
543.6809
540.3911
538.4134
540.939
541.3297
541.9475
540.6776
537.1964
539.1939
538.7462
538.2796
540.7021
541.3705
541.1393
540.4806
539.2575
539.1418
538.4444
536.7098
536.7009
536.6883
537.3719
538.5009
535.7374
533.0001
531.7833
532.6471
533.8824
529.5159
529.5691
528.7273
527.189
525.9907
527.7238
528.9099
529.9598
531.3637
531.1166
531.5683
534.0703
536.2776
534.8713
534.5328
532.7063
531.2172
532.4471
531.7332
531.801
530.9437
530.3283
528.4422
529.4197
530.9506
531.4899
531.2293
530.8364
531.9086
529.4863
530.242
529.0473
525.437
524.4715
524.3294
529.4449
530.1236
528.9004
527.8584
528.0748
527.2459
526.4328
526.3699
525.953
526.483
525.2063
525.5772
526.0184
525.2359
524.8451
524.3852
524.115
527.7979
527.3018
526.046
524.2293
524.8913
526.0853
525.3736
523.4016
521.3419
519.2717
520.1977
516.7248
516.8755
516.7613
517.7721
517.1761
517.9952
517.712
518.1789
517.6857
515.1436
519.3631
521.0062
520.4435
518.4454
517.9461
518.6594
518.4433
522.2475
520.1943
520.8724
518.3982
518.4592
517.7734
518.7232
518.4675
518.0897
519.782
515.3331
514.5396
513.6683
513.9702
515.5569
515.5988
516.8045
518.4346
519.4319
519.893
520.2309
521.6056
518.4431
518.5513
520.1542
519.0881
517.6081
515.5275
518.81
518.5644
519.729
518.2582
519.6843
520.2557
516.478
516.7588
516.0578
518.6619
518.9484
517.8011
517.6733
517.9513
521.3222
522.0625
522.371
519.8425
520.8592
523.2838
523.7525
523.9616
524.1454
523.3333
523.1295
527.0304
526.8628
524.4874
524.6972
524.1973
526.8078
527.6025
527.1807
527.8275
526.95
526.7832
526.6101
526.629
526.0648
526.7821
527.3465
529.2154
526.7514
526.9716
528.9402
529.8538
527.328
525.8113
526.7184
526.253
525.3673
523.938
524.0851
526.1156
529.3541
529.4034
527.9925
531.3433
529.2152
527.397
528.7518
529.8851
527.6668
527.0501
526.7387
527.4888
527.5014
526.5157
528.955
529.0303
527.7132
530.4272
529.2369
529.932
531.0703
530.6728
529.3357
530.778
531.4247
531.7906
533.0673
531.8034
531.5612
536.3238
533.1634
534.4778
532.7997
533.3807
532.3413
531.837
532.0345
532.3452
530.362
529.4089
530.2728
529.4522
528.2601
530.1542
531.2361
529.4017
531.7938
534.0882
532.9941
531.4393
531.5805
529.1167
528.1029
527.0777
527.003
525.4362
526.694
527.3441
526.62
526.9666
525.9488
525.4184
524.381
524.6057
525.5161
524.8841
527.6721
529.4834
526.5092
527.0564
531.345
532.6707
531.3179
530.3139
530.0393
529.5167
526.7107
526.2239
525.8768
524.0329
525.357
529.0229
528.2131
526.4222
527.6334
527.1888
529.3093
529.9815
530.2431
530.54
533.0479
531.8594
532.5934
532.8772
533.2031
533.5685
534.1226
533.779
533.4939
534.2023
532.7614
531.749
532.2253
532.8984
530.2814
530.7236
531.8863
533.5504
531.6529
532.2711
529.8519
531.8363
532.9711
531.6754
532.0724
528.7964
530.3192
532.146
528.9986
529.9883
528.0408
525.9827
528.6415
525.7753
526.0156
530.0589
528.944
530.6307
529.025
530.1426
530.0174
530.0613
530.8521
533.1911
532.6138
529.297
529.1958
529.1484
529.1635
527.9305
525.7802
526.369
525.0635
524.7335
526.6631
527.7586
527.6862
529.7632
531.0113
530.2585
532.1575
531.4154
531.8289
530.546
530.4759
532.862
535.1617
533.032
531.8365
532.7671
534.3161
535.4184
535.0454
532.5108
534.0204
536.2832
538.1833
537.8957
538.7161
540.1428
541.1729
541.4621
542.3255
542.3721
542.6929
544.9811
542.6098
542.1133
540.9248
541.0102
542.8734
540.1784
536.9276
536.4253
538.4269
537.9494
537.1346
536.6015
536.2458
536.1044
537.7862
533.7077
531.0407
533.276
532.8968
533.262
530.948
531.5566
529.8978
529.0089
528.6956
529.6558
526.8241
524.7598
525.2617
523.4264
524.1129
523.6813
523.2864
521.8783
519.7543
517.8265
517.7026
517.1362
515.2212
515.091
513.3464
514.3774
513.0758
513.3067
514.8204
518.2924
519.3715
520.1573
520.8853
518.7814
518.966
517.9754
517.8009
514.9017
515.1881
517.4788
518.4885
519.9462
519.4273
519.3042
518.4409
517.375
516.4218
515.8159
513.1473
513.3247
513.1315
515.6085
515.9071
516.0479
514.8909
513.6397
513.0746
514.008
511.3655
510.2744
511.0603
511.6671
513.4852
512.1994
509.6306
508.7979
507.7657
506.4392
506.0681
505.5998
506.6038
505.3161
503.7283
505.3311
505.0883
502.6518
503.2021
500.9092
501.099
500.7302
500.9951
501.1058
501.5814
500.433
500.7193
497.6374
499.4226
499.2042
503.6091
505.1053
505.9481
508.9591
510.5537
509.5431
509.8819
510.433
511.1165
512.1549
511.8924
510.8861
508.9168
510.6947
510.0098
507.3973
507.3345
509.3549
510.1956
509.2971
510.2855
509.3434
506.879
506.4087
507.4235
505.5713
506.7276
505.1657
503.8632
503.24
502.7817
502.9741
501.2619
504.3845
503.1939
504.0238
504.5398
504.6998
502.6718
502.9654
502.7299
500.835
500.4473
501.0665
502.0104
502.8501
503.7303
504.3579
499.0382
500.8535
503.1663
502.3288
502.9365
502.6141
502.4636
502.9106
503.2985
500.4222
500.613
503.8954
505.0924
505.3482
505.1611
503.2221
502.3552
500.4167
499.3875
501.364
500.4138
497.5929
497.0334
497.7319
496.4795
495.5438
495.0178
495.9634
496.1683
495.9666
494.3413
496.1287
494.583
493.7635
492.7883
490.0413
491.3599
492.3458
491.1747
489.0889
490.8627
491.6721
491.4665
492.7128
494.2623
490.4306
487.8196
487.2188
486.1256
488.2503
488.7829
488.7583
487.6949
488.5541
489.0923
486.9811
490.2034
490.9192
493.7752
491.7182
490.5669
489.9962
490.5879
491.0196
488.3079
488.2254
486.5481
488.9713
485.8442
484.3436
484.063
485.39
487.2429
486.6111
486.2033
488.2497
490.419
488.8687
489.3014
489.546
490.0423
486.8723
486.6453
486.3036
485.591
484.9548
486.0768
485.3604
484.3304
488.2147
488.4568
489.2824
488.2615
488.6458
490.9379
485.8527
485.9969
488.7469
492.3188
492.0857
493.2591
492.8573
491.2988
493.1482
492.5848
492.5504
490.9193
487.4112
486.9809
487.5668
487.8119
490.825
492.7712
492.6557
491.8869
491.6925
491.13
490.1208
489.4739
487.7074
486.8824
486.8287
486.8375
485.9037
485.6868
486.805
482.9092
482.7795
481.5925
480.5161
480.5058
481.2735
480.7438
478.7873
479.1904
479.2744
480.5666
479.9242
475.3603
475.1934
476.0473
475.2113
475.9064
478.6386
477.6563
476.586
480.2212
483.0795
482.2347
483.4688
482.5067
480.1764
480.4834
479.9004
480.7108
480.2323
480.7868
479.6393
480.7193
479.5691
477.5604
477.8639
478.1194
478.3688
476.7089
476.2244
474.3395
477.0883
474.5355
473.8578
474.0371
472.5721
473.6823
473.7484
473.34
475.0804
471.2647
468.8055
471.0208
470.7052
470.1748
469.8053
469.8243
469.3149
467.8146
467.1373
464.3227
463.3664
461.7537
459.3728
458.8206
457.4923
457.4883
458.3726
457.4978
457.757
457.207
458.1077
457.1223
454.7455
456.374
453.8022
455.0128
456.2472
455.2398
456.858
457.0038
456.6906
457.0668
457.5095
457.7607
459.4484
459.8156
461.1772
462.1639
461.6598
460.2334
459.2538
461.0216
459.0078
456.8682
456.5183
452.0948
452.6333
452.7279
455.7459
457.551
456.0834
455.5254
457.0461
456.8575
456.6305
456.1076
458.171
458.4888
458.7583
459.2938
457.7561
458.2937
459.3807
459.8963
459.5402
458.5895
458.9239
460.0788
457.8688
458.437
457.9235
456.1256
455.9398
456.1666
457.0781
457.002
458.3541
457.2527
458.4574
456.5622
456.8741
459.003
461.0206
458.5926
456.6546
456.5566
457.5692
458.8997
459.5054
460.1594
461.7316
461.0689
459.6302
460.1731
459.75
460.4877
460.0538
458.0937
454.8835
456.5744
457.8634
457.5841
456.606
455.9816
458.0399
457.2498
458.1902
456.9802
453.8086
452.4251
453.0626
454.0225
453.9354
455.2055
456.7252
456.494
454.8215
454.1276
452.8635
454.7259
455.2954
454.8244
452.3469
451.6415
451.1137
450.9362
450.8872
449.7973
450.7747
452.3639
452.1425
452.9399
452.4988
451.8684
452.2892
453.9391
452.2029
453.7496
454.3162
452.3122
452.1398
450.3537
450.3324
450.74
451.8568
452.0003
448.4626
447.651
446.2426
446.3581
445.041
445.4791
446.965
447.2559
445.6569
445.2441
443.3644
443.4971
444.4375
443.4035
443.1976
444.2864
445.9262
444.8044
444.8105
446.7482
446.4588
447.3851
448.1499
448.7534
448.7786
447.8477
447.8378
446.8398
445.1788
443.6872
444.3462
445.1604
444.6861
445.0584
445.7908
443.6206
445.4793
445.6096
446.1054
446.3881
445.3773
444.8326
445.2771
445.7957
445.2295
445.0989
445.9497
444.1836
443.9522
444.9701
444.8523
443.029
445.1494
442.2154
441.4031
439.6724
439.8371
438.5468
436.9129
436.9523
438.2062
438.0158
437.6374
435.9451
436.5107
436.636
436.362
436.1315
436.1017
436.0605
437.0855
437.0544
434.0437
434.5563
436.4118
436.7611
437.7732
437.3367
436.1288
439.9307
441.2984
441.1615
440.8496
441.582
441.7057
441.4269
442.1038
443.4587
442.8988
442.0884
442.9429
442.2963
445.6847
445.7775
444.6631
447.381
446.4987
445.3632
444.7148
442.3948
444.0105
443.1641
442.1815
444.3367
444.1284
443.5019
443.2879
445.2609
446.1131
447.9036
445.1193
445.2786
446.2856
444.8016
445.4582
446.2635
447.4741
446.5298
444.2022
443.0839
444.3173
441.2436
441.4525
441.3945
442.1866
443.8435
443.9074
440.9639
440.6045
442.6114
443.8394
445.0833
445.6307
443.9408
443.7039
445.2245
444.9087
445.5362
445.0878
446.5384
444.9772
443.1168
443.9076
442.6161
442.0365
441.4684
440.9452
440.3301
440.611
444.0409
442.4203
441.8267
442.6835
441.7602
443.7364
441.592
441.2411
442.7161
445.2305
445.4818
446.8958
446.2836
445.0848
445.0925
447.0056
444.6449
443.7528
442.1941
441.5856
442.8522
445.2712
445.4439
446.0472
445.3509
447.1293
447.8466
447.8795
445.9502
446.6963
446.5749
446.8912
444.7287
441.5924
441.0434
441.2045
441.7403
438.1616
434.2897
434.1456
433.6357
433.6273
432.7351
434.2906
435.6953
435.9805
434.7619
435.4484
436.6301
435.6574
436.399
437.7146
437.46
437.356
435.3195
436.837
437.9671
437.435
436.8528
438.7582
438.5608
439.9105
441.5352
442.2123
442.8974
443.4804
445.8281
444.0414
445.3109
446.5169
446.791
445.2463
444.8667
445.5518
445.9156
446.1417
446.456
445.7686
443.5194
443.2524
443.8974
444.1373
442.8829
439.1529
437.8613
437.5602
437.5078
434.1858
435.1262
434.8382
434.1042
433.2938
431.661
429.4604
427.9372
429.6029
430.0344
428.674
429.3147
428.397
429.0731
429.3268
428.4419
429.4638
432.2146
432.3909
428.9919
429.915
430.2806
433.277
432.0972
433.424
433.1563
430.6904
429.3929
428.569
429.6613
428.7126
428.773
427.9502
427.3756
428.0552
427.3268
426.871
425.3841
425.3156
426.7215
427.4958
426.1153
426.7791
427.5443
426.9431
426.7138
428.8918
429.6092
429.0802
427.7384
427.4332
426.0575
424.3724
424.7546
423.8221
421.8695
420.3216
420.4071
419.0212
418.2854
419.0788
418.1925
418.9196
418.574
420.3103
419.3824
418.9597
418.0892
416.3631
417.1138
417.9697
416.6759
415.2509
415.8171
416.5412
415.5645
415.9529
417.3909
417.2295
419.5559
420.6034
421.6232
421.1304
420.9901
423.2061
421.5544
420.2269
419.2195
419.3201
417.9415
418.6672
418.1301
419.1191
419.0344
419.2545
418.9777
420.6085
419.4979
420.2763
420.1986
419.8614
418.2287
418.2928
421.2052
421.6123
423.5128
425.6862
428.6036
427.7011
428.7736
428.6987
428.1116
426.9207
430.2137
428.7902
426.9139
425.768
426.165
425.6625
425.0773
423.9944
427.0904
428.1724
428.0664
427.7301
429.8368
429.5814
432.928
433.451
434.864
434.3162
434.7268
434.4428
435.225
434.7825
434.0335
434.0851
432.2167
429.8103
429.3249
428.3726
428.6615
430.4584
432.3053
435.2481
433.7808
431.8919
432.697
431.4327
431.5918
429.715
430.3421
428.9775
428.0002
427.4879
429.8264
429.5516
430.0096
430.3399
428.9804
429.1572
428.6319
428.9454
427.9613
428.4322
428.8264
428.1433
426.3583
427.0341
427.4288
426.9492
425.3259
424.4267
422.8561
425.9605
426.5603
426.6835
428.094
429.3575
430.3834
431.4176
430.1512
428.9595
429.1786
429.1615
430.0481
429.4454
429.8569
426.5113
424.3439
425.0048
425.041
424.8898
425.1044
425.9671
426.3072
428.4435
426.2596
425.2084
425.3737
426.4945
426.0636
425.9768
426.5354
426.5063
426.1978
424.6043
423.9123
425.921
426.5585
427.3196
426.2815
427.4421
424.4819
422.7506
423.51
422.3896
421.6511
424.1846
423.8408
424.892
426.4735
427.3368
429.107
430.1518
430.4561
431.7924
431.3806
430.6991
431.2794
428.9795
429.8238
430.4186
432.752
433.111
435.2461
434.4342
436.025
436.2716
436.272
434.5358
436.8757
436.8054
436.4831
434.7632
435.4431
435.4285
433.8979
432.9333
432.2139
430.7675
432.2129
431.68
430.0395
431.8353
431.4066
431.4559
432.9432
431.8792
432.2972
431.6016
430.855
428.8074
431.5142
430.0434
429.189
430.178
432.1583
433.8681
432.6822
432.4012
431.9327
430.9879
430.6966
432.5224
432.1783
429.9845
428.4937
429.0028
428.9333
429.3417
431.3012
430.6866
429.2218
429.8764
428.0547
426.634
426.5173
428.5402
426.0074
425.4786
425.4014
424.9151
423.4105
424.6705
425.6965
426.8135
426.9658
426.2692
427.4178
428.698
426.953
426.3635
428.7161
426.8018
426.098
425.6041
428.21
426.8517
426.4715
424.9902
425.6659
426.1754
427.2034
427.6725
427.8925
427.0063
426.1695
425.8184
426.2753
427.9095
426.6126
428.0064
429.5083
429.2766
429.2133
430.6301
430.8546
431.8151
433.8928
434.4239
437.8241
437.6714
438.1733
436.6652
434.2093
435.2662
431.7867
432.1953
435.2816
433.1571
433.2171
433.9258
434.5422
438.1353
437.6229
437.126
437.3073
436.8633
436.7359
436.2802
436.6683
435.7086
435.4366
435.9919
433.1167
432.2937
432.5174
433.4139
433.8461
431.5121
433.9144
434.8858
437.2796
440.6433
441.1888
439.0333
438.3247
436.9443
439.7875
438.7482
438.57
438.3224
438.4374
437.9918
438.7591
439.634
440.2908
439.7402
440.8855
441.4734
440.3369
440.7814
441.48
441.9977
441.0676
439.1553
439.499
439.4368
439.2399
438.9148
438.5445
438.3396
438.2488
437.7478
437.0747
433.4112
432.1408
430.2045
430.0994
429.4202
429.1817
426.1829
425.5891
426.4288
425.9303
426.1211
424.0884
422.3941
420.5104
419.5825
418.2951
415.7729
418.6079
418.5386
418.7125
417.6073
417.0658
416.6355
415.3964
414.3176
414.7818
415.5391
415.6203
412.0128
411.6117
410.7458
409.7029
409.0262
408.9969
408.5479
407.8573
409.3103
409.2074
408.4989
410.0363
408.6891
407.1979
407.3706
406.9249
405.7534
407.1189
404.2893
405.7922
406.3789
406.7804
407.8262
407.648
407.1536
405.3384
404.9638
405.9052
403.904
401.2809
403.2832
403.985
404.3903
404.9413
405.9063
406.2284
407.0187
405.237
407.5087
405.5348
405.1302
406.0374
404.768
405.8844
405.8674
404.4479
403.7791
403.9317
404.3977
401.9131
403.8339
403.4407
404.4196
404.848
407.5903
407.1891
405.7016
405.6127
405.048
407.3859
405.7371
405.74
405.9721
405.1982
404.4964
406.2876
405.8948
405.8064
406.5913
406.0344
405.57
407.2955
407.7463
405.8599
405.5679
405.6582
405.3254
403.9163
402.8547
402.8518
402.6212
402.1859
401.8688
402.7444
401.7654
402.7493
403.5683
404.3041
404.8785
403.5172
403.6007
401.7766
402.1229
404.3948
401.651
399.7802
401.3131
401.4077
400.8888
401.2467
400.1105
399.8086
400.4523
400.2958
400.1991
401.0304
401.5386
403.1013
403.7006
404.1036
406.0201
405.8293
408.2489
408.5747
406.8341
407.9672
408.0678
406.9658
407.6544
408.7082
408.716
409.8397
409.1061
410.4698
410.4994
412.1281
413.3662
414.8188
415.4363
413.0197
413.5644
414.823
413.0654
413.7477
414.4985
414.7127
414.8901
414.3724
413.8982
416.9729
416.3002
416.2452
417.071
416.0552
415.7559
418.0783
417.9082
419.5132
418.4799
417.9456
419.0461
420.1812
420.731
421.4126
422.9139
422.581
422.7408
422.2483
422.1745
423.7019
421.8216
422.2052
421.1714
422.2975
420.9044
422.731
420.5546
420.7747
420.916
418.6375
419.2034
421.0833
419.611
421.3219
422.1514
420.9646
419.8291
416.8648
417.1486
419.5336
420.866
421.398
423.0024
423.0079
422.8824
422.406
421.8672
421.1069
420.9012
424.6325
426.6123
427.9985
431.3303
431.6782
430.6708
431.3291
429.8924
430.5721
429.2908
429.9228
430.0625
429.8093
429.5354
429.2751
429.5216
429.739
431.4433
430.8848
430.2688
431.0789
431.9924
432.3066
432.397
432.8567
432.0183
434.0183
432.0288
432.2774
435.884
434.6632
436.1672
435.6538
434.6888
433.9105
432.2683
432.1067
434.7145
434.7023
434.3203
432.8509
432.4751
431.9791
430.2277
430.4432
428.9966
428.635
428.5254
429.8846
432.1905
432.1041
431.807
429.8947
432.5462
431.519
431.3
431.7434
433.99
432.9254
432.8187
433.0607
431.4977
430.5555
432.0672
432.6401
432.4464
433.417
431.9718
430.1968
428.3506
427.6847
426.2868
427.8498
426.027
425.1447
425.9022
423.3636
425.1309
