0.4518645
0.4520795
0.4556909
0.4528217
0.4482023
0.4491961
0.4463133
0.4488715
0.44452
0.4386396
0.4393738
0.4422216
0.4423693
0.4517776
0.446976
0.4474249
0.4573048
0.4540417
0.4552396
0.4550497
0.4536475
0.4551192
0.4519456
0.4521974
0.4460872
0.4518168
0.4485502
0.4461059
0.4452808
0.4427557
0.4409965
0.4369027
0.4403948
0.4322186
0.4391101
0.4346652
0.4331071
0.4369705
0.4342959
0.4313568
0.4321743
0.4362191
0.4361966
0.432697
0.438197
0.4395002
0.4418387
0.4463013
0.4498532
0.4495847
0.44913
0.4418856
0.4432213
0.4407184
0.4450906
0.4320114
0.4299774
0.4287058
0.429661
0.4294502
0.4240019
0.4243395
0.4251357
0.4297364
0.432278
0.4398893
0.4379257
0.4394081
0.4365961
0.4359775
0.4332393
0.4317028
0.4263523
0.4329332
0.4298486
0.4393637
0.43578
0.4298168
0.4254308
0.4276991
0.4282366
0.4187688
0.4137425
0.4146456
0.4134383
0.4171172
0.419394
0.4207873
0.4193281
0.4147776
0.4153629
0.4178829
0.4182189
0.4101603
0.4095894
0.410256
0.4136398
0.40696
0.4067838
0.40867
0.4093273
0.4206908
0.4155137
0.4186637
0.4216789
0.4131788
0.4145372
0.415618
0.4125265
0.4149574
0.407961
0.4057575
0.4066128
0.4088055
0.4059258
0.4060303
0.3985532
0.4017159
0.3928657
0.3956372
0.3946339
0.3932001
0.3975691
0.3956018
0.3916325
0.3977883
0.3909009
0.3883179
0.3880828
0.3869809
0.3900236
0.3966232
0.3941191
0.3882731
0.3841379
0.3836746
0.3830199
0.3898957
0.381967
0.3861088
0.3849185
0.383449
0.3873524
0.3822585
0.3811308
0.3790693
0.3783922
0.378022
0.3761015
0.3725543
0.3708237
0.3694365
0.3718887
0.3742568
0.3770245
0.3834249
0.3865421
0.3847913
0.3899717
0.3874059
0.3891019
0.3881641
0.3877787
0.3863249
0.3838012
0.3787855
0.3804306
0.3764047
0.3734252
0.3691652
0.3684421
0.3726015
0.3768185
0.3716762
0.3700609
0.3658662
0.3607043
0.3557759
0.3590061
0.3555362
0.3611788
0.3601957
0.3612221
0.3678173
0.3721114
0.3667497
0.370134
0.3736937
0.374868
0.3763537
0.382149
0.3837095
0.3885868
0.3821051
0.3811281
0.3803196
0.3872897
0.389586
0.3934669
0.3894596
0.3905514
0.3893938
0.3852576
0.3907831
0.3900506
0.3876045
0.39069
0.3878497
0.3865893
0.384886
0.3874371
0.3821843
0.3822283
0.3869315
0.3894851
0.3917655
0.3907024
0.38608
0.3856735
0.3870072
0.3873404
0.393124
0.3900203
0.390351
0.3849155
0.3803137
0.3819754
0.3818632
0.3845064
0.3871009
0.3913993
0.394692
0.3954775
0.3949729
0.3941632
0.393621
0.3920708
0.3865015
0.391647
0.3965941
0.3947632
0.3956611
0.3963472
0.3921901
0.3939255
0.4014313
0.3989563
0.3999472
0.4023664
0.4044292
0.4029222
0.4066529
0.4092141
0.4128419
0.4133702
0.411469
0.414901
0.4169932
0.4136583
0.4240521
0.4231895
0.4275491
0.4220947
0.4288216
0.4278169
0.422725
0.4204477
0.4174695
0.4195196
0.4235103
0.4305283
0.4275782
0.4227311
0.4248736
0.4252043
0.422864
0.4272359
0.429474
0.4289045
0.4283584
0.4277564
0.4277979
0.4346198
0.4396524
0.4425901
0.4418884
0.4458174
0.4517707
0.445581
0.4466302
0.4470512
0.4473916
0.4452334
0.4439522
0.4433633
0.441624
0.4311464
0.4276096
0.4278443
0.4388575
0.436174
0.4320506
0.4329143
0.4303125
0.4235038
0.4233799
0.4182629
0.4117857
0.409064
0.4090496
0.4125305
0.4153413
0.4139166
0.4214452
0.421971
0.424863
0.4242146
0.4281472
0.4283719
0.4285174
0.4279226
0.4265444
0.4274912
0.4254016
0.4236375
0.4191592
0.4169623
0.417134
0.415934
0.4197688
0.4201684
0.4165064
0.414146
0.4117133
0.417273
0.4198145
0.4210576
0.4165909
0.4243236
0.4225238
0.4193054
0.4230497
0.423784
0.4203081
0.4149064
0.4154961
0.4164865
0.4153114
0.4109455
0.4088645
0.4107628
0.4186006
0.415017
0.4176913
0.4198192
0.4232473
0.4210769
0.4224929
0.4179296
0.4158134
0.419883
0.4171351
0.4210097
0.4237612
0.4276149
0.433641
0.427324
0.4263174
0.4170348
0.4244696
0.4206656
0.4177682
0.414976
0.4133861
0.4060901
0.4047392
0.4092539
0.406388
0.4070944
0.4038069
0.4049325
0.4060641
0.4058555
0.4072619
0.4077199
0.4039617
0.4077899
0.4137777
0.4129099
0.4149865
0.420406
0.4300106
0.4338559
0.4331199
0.4339804
0.4338758
0.4314459
0.4318562
0.439446
0.440565
0.4347836
0.4395269
0.4374287
0.4319613
0.4337471
0.4301051
0.4251907
0.4292796
0.4249685
0.4227802
0.4212837
0.4159545
0.4138195
0.4117874
0.4086437
0.4094638
0.4090638
0.3982243
0.4024095
0.4007793
0.4009912
0.4001167
0.397971
0.4013089
0.3959161
0.3980621
0.4033085
0.4037609
0.4062022
0.4060153
0.4133745
0.411425
0.4082781
0.4048324
0.4092552
0.4124962
0.4114558
0.4082975
0.4148144
0.4122602
0.4152543
0.4159371
0.4139889
0.4173025
0.4239545
0.4270262
0.4328486
0.4369859
0.4336663
0.4348865
0.4372215
0.4328066
0.4303375
0.4361621
0.4316088
0.4324176
0.4367705
0.4398857
0.4460107
0.4465316
0.4546446
0.4607951
0.4568888
0.46488
0.4687883
0.4657382
0.4690892
0.4642986
0.4702587
0.4712341
0.4642076
0.4598606
0.4689789
0.4734963
0.4696429
0.4689425
0.4670202
0.4650329
0.4629641
0.4655293
0.4612558
0.4621071
0.4664201
0.467009
0.4641323
0.4594329
0.4595295
0.4553045
0.4639308
0.4509203
0.4581008
0.4639923
0.4620386
0.4608005
0.4612782
0.4593703
0.4633817
0.4690848
0.4659905
0.4649791
0.4631096
0.463868
0.46623
0.4698323
0.4737837
0.4668114
0.4693062
0.4764703
0.4684765
0.4697478
0.4677701
0.4623107
0.4635265
0.4620775
0.454767
0.4522285
0.4451446
0.4436746
0.4439676
0.4535083
0.4493839
0.4515812
0.4547131
0.4466737
0.4482295
0.4534261
0.4563481
0.459401
0.4516024
0.4505846
0.4469148
0.4415654
0.444536
0.4471647
0.4454237
0.4494124
0.4526969
0.4567258
0.4532869
0.4587582
0.4564021
0.4530818
0.4443478
0.4429876
0.4468004
0.4491691
0.4460858
0.4398704
0.4414368
0.441348
0.4368058
0.4348417
0.4414576
0.4391411
0.4430067
0.4382627
0.4327625
0.4285424
0.4303274
0.4268055
0.4237063
0.4241619
0.4269251
0.4212321
0.4156574
0.419471
0.4115439
0.4118519
0.4122702
0.413958
0.4139501
0.4163039
0.4186031
0.4174361
0.4199224
0.4227137
0.415754
0.4192929
0.4121189
0.4197462
0.4196444
0.4229795
0.4226206
0.4186945
0.4266079
0.425743
0.417168
0.423259
0.4166118
0.4123052
0.4077869
0.4133572
0.4135659
0.4163717
0.4149938
0.4187904
0.4172236
0.419232
0.4239314
0.4246449
0.4303858
0.430143
0.4321946
0.4274938
0.4278946
0.4278559
0.4243879
0.4191815
0.420473
0.417486
0.4222384
0.4187555
0.4162606
0.4135885
0.4024535
0.3986786
0.399976
0.4054823
0.4091196
0.4134043
0.4104212
0.4064629
0.4045836
0.4095633
0.4072468
0.4118754
0.409567
0.4175622
0.4158616
0.4121123
0.4111103
0.422028
0.4136862
0.407733
0.4015903
0.3973039
0.3946881
0.392968
0.3966272
0.3948875
0.3935508
0.4010132
0.4019131
0.4070816
0.405045
0.409598
0.4045387
0.4031247
0.4045944
0.3978329
0.3957817
0.3945873
0.3955447
0.3939448
0.3998339
0.3936302
0.3989183
0.3960471
0.3934608
0.3905182
0.3836352
0.3848739
0.3878591
0.3894151
0.383075
0.3786995
0.3768156
0.3824557
0.381785
0.3887362
0.3851625
0.3846304
0.3876155
0.3906351
0.3906043
0.3965397
0.3961859
0.4015063
0.4047561
0.3985171
0.3944729
0.3980148
0.3985402
0.4020356
0.4036771
0.3999016
0.3961561
0.3952926
0.4003791
0.3997173
0.4000836
0.3998501
0.3968234
0.4012076
0.4005713
0.4003374
0.3991559
0.4008427
0.404563
0.4012849
0.4056257
0.4062481
0.4030839
0.4029542
0.4033108
0.400709
0.4028489
0.4047089
0.4056088
0.4006454
0.3971411
0.3983535
0.4043818
0.4086892
0.4030944
0.4070691
0.4062951
0.4111509
0.4083991
0.4107255
0.4162056
0.4149005
0.4127953
0.4105378
0.4101258
0.4085605
0.4111862
0.4150008
0.4151368
0.4109875
0.4083437
0.4018635
0.3982783
0.4035659
0.4099858
0.4162116
0.4167166
0.4111589
0.4128567
0.4192125
0.4230608
0.4251483
0.4255526
0.4263536
0.4312728
0.4350236
0.4416976
0.4432809
0.4471411
0.4483887
0.4493414
0.4562783
0.4483836
0.4539194
0.4561054
0.4509015
0.4551566
0.4602223
0.4507692
0.4485569
0.4507805
0.4526717
0.4528983
0.4564117
0.462128
0.4602534
0.46144
0.4548578
0.4540766
0.4540822
0.4493251
0.4458284
0.4591609
0.4564021
0.4488275
0.4589815
0.4641312
0.466678
0.4654007
0.4595055
0.4653487
0.4716745
0.469529
0.466388
0.4635245
0.4679781
0.4684257
0.4675342
0.4609861
0.4571473
0.4554574
0.4492716
0.4553772
0.4502096
0.4509081
0.4483839
0.437691
0.4326367
0.4289279
0.4365696
0.4280186
0.4302424
0.4326516
0.4324117
0.4304269
0.4339434
0.4285692
0.4272471
0.4323282
0.4359235
0.4258032
0.4292549
0.428198
0.4284312
0.4294631
0.4259987
0.4250686
0.4275008
0.4268968
0.427329
0.4321588
0.4366571
0.44274
0.4496893
0.4454848
0.4514091
0.4436386
0.4445586
0.4542468
0.4545192
0.4467361
0.4477725
0.4484611
0.4565341
0.4524627
0.4516259
0.4480612
0.4492034
0.4467733
0.4452047
0.4448319
0.4563058
0.456593
0.4611409
0.4573528
0.452892
0.4555278
0.4616285
0.4551429
0.4460764
0.4447949
0.448788
0.4537541
0.4622288
0.4617478
0.4635171
0.4685751
0.4596139
0.4584952
0.4635575
0.4620907
0.4550593
0.451808
0.4510703
0.4496919
0.4552603
0.4608126
0.4618854
0.4640031
0.4632345
0.4613085
0.4608783
0.4568856
0.457692
0.4630484
0.4583848
0.455502
0.4534266
0.4596892
0.4656553
0.4693753
0.4660767
0.4653436
0.4599566
0.4571024
0.4559065
0.4552885
0.4595881
0.4609237
0.4595594
0.4641666
0.4582878
0.4580092
0.4622016
0.4571157
0.4579038
0.4567219
0.4567583
0.4559823
0.4560596
0.4546025
0.4517942
0.4556111
0.4545284
0.4547638
0.4477736
0.4416891
0.4444573
0.4369362
0.4444152
0.4431976
0.4391125
0.4450936
0.4484719
0.4500642
0.4416167
0.4418939
0.4408271
0.4390789
0.4437847
0.442942
0.44185
0.4399005
0.4411411
0.4447463
0.4493871
0.4429488
0.4419344
0.4419626
0.4377511
0.4338453
0.4345898
0.4290473
0.4308969
0.4272176
0.4254084
0.4222245
0.4203557
0.4238327
0.4239062
0.4223489
0.4179272
0.4209651
0.4173313
0.4179553
0.4126648
0.4137884
0.415326
0.415506
0.4142085
0.4097543
0.4056993
0.4028681
0.4046003
0.4109655
0.4103485
0.4076342
0.4086308
0.4028401
0.4079947
0.4057695
0.4075307
0.4110589
0.4163516
0.4182065
0.4121064
0.4095169
0.4137979
0.4102007
0.4057959
0.4039869
0.4105297
0.4107561
0.4130217
0.4155715
0.4191567
0.4196173
0.4182168
0.418629
0.4126888
0.4111907
0.4156928
0.4194849
0.4240832
0.4280884
0.4323838
0.4399651
0.433809
0.4337168
0.4343791
0.4335195
0.4281584
0.4240001
0.4206809
0.4250499
0.4311784
0.4322091
0.4356674
0.4404341
0.442687
0.4418475
0.4436063
0.4407408
0.4365024
0.4366321
0.4317071
0.4327954
0.4373039
0.4305974
0.4256208
0.4245239
0.4266932
0.431974
0.4320611
0.4278418
0.4303853
0.4326909
0.4277069
0.4290076
0.4273189
0.4333975
0.4412537
0.4414262
0.4400494
0.442018
0.4377114
0.432562
0.4287349
0.4320056
0.4267309
0.4327161
0.4258203
0.4220039
0.4242885
0.420147
0.4220043
0.4201498
0.4216212
0.4150667
0.4139628
0.4139332
0.4163007
0.4220197
0.4268281
0.4285924
0.4299012
0.4249459
0.4335043
0.4325029
0.427368
0.424383
0.4259904
0.4257928
0.4270477
0.4315034
0.4313828
0.4305219
0.4338097
0.4348486
0.4337476
0.4373563
0.4406552
0.4334358
0.4289042
0.4288171
0.4318446
0.4324274
0.4318256
0.4275144
0.4323031
0.4265121
0.4281583
0.4271922
0.4257855
0.4254741
0.4247824
0.4241618
0.4225824
0.4177117
0.4222555
0.4232773
0.4240772
0.4269812
0.426594
0.4238272
0.4309028
0.4267952
0.4215337
0.4153355
0.4169074
0.4105494
0.4091563
0.4145916
0.4152292
0.4161564
0.4202033
0.4158733
0.4060136
0.4096619
0.4141403
0.4185164
0.4179604
0.4247263
0.4291442
0.4276125
0.4256934
0.4267532
0.4190584
0.4154682
0.41178
0.4120503
0.4153213
0.4069702
0.4069712
0.4103193
0.4138682
0.4152337
0.4122616
0.4123954
0.4127609
0.4179562
0.4182977
0.4175053
0.4243076
0.423325
0.4190491
0.4223334
0.4190548
0.4106619
0.4144893
0.4086744
0.4101626
0.4177912
0.4168202
0.4203958
0.4213512
0.4246174
0.4275052
0.4328118
0.4292292
0.4249789
0.4281863
0.4282423
0.4271692
0.4304621
0.42616
0.4303744
0.4298285
0.4328596
0.435524
0.4295533
0.4271648
0.4281279
0.4337224
0.4381459
0.4401884
0.4302692
0.437349
0.4361044
0.4419586
0.4368076
0.4372116
0.4370472
0.432704
0.4353698
0.4292458
0.4251905
0.4205562
0.4189688
0.4193843
0.4201185
0.4185399
0.4151829
0.4133231
0.4148807
0.4197787
0.4211155
0.4231618
0.4199271
0.4216396
0.41514
0.4104603
0.4102217
0.4116572
0.4080228
0.4036263
0.4047707
0.4029032
0.4037194
0.3943825
0.4091115
0.4057409
0.409811
0.4170099
0.4135678
0.4196
0.4162549
0.4222327
0.4263052
0.4178768
0.4164351
0.4183182
0.4062368
0.4083195
0.4079474
0.401518
0.4002958
0.4029872
0.4030065
0.4040737
0.4052611
0.3982823
0.3982275
0.3997037
0.4020704
0.3984796
0.4003143
0.3956387
0.3916859
0.393184
0.3964881
0.3972012
0.3996322
0.402567
0.3976266
0.3992227
0.4060708
0.4045749
0.4056243
0.4069587
0.4035589
0.4037824
0.4007708
0.4098096
0.4090567
0.4061787
0.4161726
0.410804
0.4114387
0.4094426
0.4067077
0.4042805
0.4069574
0.4027535
0.4033851
0.3991131
0.4021073
0.4022688
0.4012737
0.3980371
0.396912
0.4005865
0.4000501
0.4037181
0.4064249
0.4048261
0.4144743
0.420908
0.4221714
0.4207807
0.4177223
0.4222495
0.4243509
0.4221719
0.4233028
0.4309311
0.4327442
0.4349551
0.4386098
0.4350629
0.4426752
0.4393751
0.4325571
0.432439
0.4401718
0.4495539
0.4489933
0.4505943
0.4505436
0.4473891
0.4471573
0.4471069
0.4506844
0.4445608
0.4470992
0.4517082
0.4507649
0.4560924
0.453744
0.4545339
0.4555175
0.4560048
0.45497
0.4582106
0.4523471
0.4543355
0.4555547
0.4597607
0.4564822
0.4494828
0.4490192
0.449002
0.4555863
0.4574894
0.4630896
0.4693662
0.4710795
0.4732357
0.4783621
0.4788438
0.4792979
0.4780316
0.4758154
0.4810889
0.4819101
0.4787164
0.4831219
0.4852511
0.4699081
0.4788236
0.4744117
0.4707446
0.470743
0.4715339
0.4748427
0.4743185
0.4774288
0.4736869
0.4757144
0.4711505
0.4856617
0.4873352
0.4897304
0.4857739
0.486592
0.4927666
0.4908331
0.4914719
0.4855521
0.4785605
0.4715428
0.466008
0.4631649
0.4603102
0.4620709
0.4629023
0.4701715
0.4713601
0.468041
0.4686903
0.4675288
0.4753083
0.4703099
0.4686593
0.4667302
0.4713186
0.4702691
0.4646076
0.466326
0.4656337
0.4622598
0.4647006
0.4681703
0.4679036
0.469502
0.4704217
0.4618136
0.4609531
0.4643748
0.4648873
0.462385
0.4584551
0.451883
0.4490594
0.4519311
0.4517328
0.445968
0.4496498
0.453791
0.4545141
0.4567773
0.458432
0.4617043
0.4571758
0.4619919
0.4567341
0.4564474
0.4531992
0.4539001
0.4467907
0.44386
0.4432462
0.4389023
0.4418829
0.4463082
0.4488575
0.4482519
0.4469278
0.4490908
0.4500414
0.4499424
0.4525345
0.4582273
0.4613313
0.4647503
0.4651433
0.4623149
0.4696471
0.4767778
0.4840341
0.4787273
0.4878935
0.4856672
0.4882565
0.486847
0.4858244
0.4964223
0.4963333
0.4966936
0.4968934
0.4950142
0.4978158
0.4902222
0.4853665
0.4917951
0.4946163
0.4925795
0.4898289
0.4913624
0.4882829
0.4914202
0.4920618
0.4872653
0.4928887
0.4939647
0.479923
0.4801154
0.4746972
0.4738432
0.4718783
0.4687978
0.4681381
0.4713329
0.4741261
0.4732353
0.4673231
0.4722737
0.4780026
0.4799403
0.4724225
0.4700782
0.4675289
0.4636382
0.4582508
0.4637595
0.4624915
0.4646144
0.4663054
0.4711465
0.4753144
0.4701181
0.4738081
0.4735618
0.4681875
0.475851
0.4738444
0.4707285
0.4740025
0.4694826
0.4676744
0.4671499
0.4581864
0.4574104
0.4485001
0.4416765
0.4390976
0.4403173
0.4393252
0.428354
0.4231911
0.4197041
0.41745
0.419765
0.4223615
0.4208275
0.4233227
0.4297227
0.4257678
0.4242942
0.4240431
0.4222749
0.423099
0.421902
0.4196222
0.4194086
0.4209884
0.4202201
0.4267075
0.4240349
0.4216173
0.4213054
0.4252387
0.4299386
0.4268806
0.4247463
0.4259034
0.4289468
0.4309604
0.4306572
0.4328243
0.4293789
0.4253918
0.4216015
0.4249099
0.4212347
0.4212713
0.4218547
0.4205265
0.4226431
0.4245244
0.420464
0.4215096
0.4212621
0.4171414
0.416543
0.4159505
0.4138187
0.4100748
0.409748
0.4040877
0.4029804
0.4041179
0.3984313
0.402654
0.4048164
0.4039937
0.4089057
0.4124993
0.412306
0.4100099
0.410386
0.4152073
0.4168446
0.4173926
0.4127118
0.4092114
0.4100469
0.4121598
0.4097839
0.4143763
0.4083986
0.4136973
0.421821
0.423176
0.4259983
0.4230486
0.4249598
0.4263892
0.4286265
0.4278502
0.432269
0.4335497
0.4317425
0.4406895
0.4405446
0.4398564
0.4470882
0.4480066
0.4433485
0.4420014
0.4405586
0.4454821
0.4425447
0.4437712
0.4425214
0.4409836
0.4348598
0.4374188
0.4313412
0.4328461
0.4249047
0.4314709
0.4346343
0.4327038
0.4316108
0.4353078
0.4291407
0.4260481
0.4276715
0.4350271
0.4382708
0.4384911
0.4372128
0.4344085
0.4300876
0.4388044
0.4427091
0.4405784
0.4354755
0.4352581
0.4366674
0.4352981
0.4292576
0.4285409
0.4324793
0.4324262
0.4289439
0.4267709
0.4297442
0.420457
0.4132386
0.420778
0.4258329
0.4297661
0.4265087
0.4208974
0.4215207
0.4209917
0.4162407
0.4180406
0.4189312
0.4161996
0.4207392
0.4194881
0.4151911
0.415657
0.4111854
0.4116599
0.4081597
0.4083554
0.4053333
0.4069757
0.4054717
0.405394
0.4003319
0.3940467
0.3879466
0.3860883
0.3809876
0.3816392
0.387167
0.3841191
0.3873875
0.3847423
0.3853372
0.3938755
0.391727
0.3967531
0.3977152
0.3952685
0.3923729
0.3902139
0.3881261
0.3896588
0.3901287
0.3885128
0.3890125
0.3918819
0.3947919
0.39741
0.3928265
0.393691
0.3977944
0.3990267
0.3986486
0.4064356
0.4092284
0.4081893
0.4068843
0.4050453
0.4059379
0.4069653
0.403656
0.4063165
0.4056114
0.4086066
0.4080188
0.4044789
0.4034934
0.3942048
0.3943279
0.3953542
0.3927413
0.3919933
0.3857808
0.3857001
0.3883748
0.3858934
0.3895674
0.3900622
0.3881981
0.3898001
0.3983143
0.399457
0.4004036
0.4099896
0.4016479
0.3999021
0.3971758
0.3943453
0.4000747
0.4013845
0.4057872
0.4031654
0.4062812
0.4052524
0.4021242
0.4032684
0.3998183
0.3995281
0.4016136
0.3979446
0.3927828
0.3903934
0.3930288
0.3957715
0.3934484
0.3909776
0.3872067
0.3811046
0.3758108
0.3770014
0.3763175
0.3770115
0.3786169
0.3829288
0.3865335
0.3880234
0.3793931
0.377155
0.3736957
0.3811813
0.384781
0.3878618
0.3889716
0.3901193
0.3913379
0.3942798
0.3970894
0.4031658
0.4057191
0.3954634
0.3979338
0.3926382
0.3950169
0.3944834
0.3920344
0.395123
0.401147
0.402082
0.3978755
0.3952099
0.3900157
0.3972295
0.3918103
0.3915635
0.3991167
0.3987799
0.4018858
0.4033449
0.4021524
0.4034112
0.4027891
0.4060879
0.4095551
0.4147255
0.412571
0.402512
0.4019062
0.4046108
0.4002572
0.3972201
0.4050347
0.4026348
0.4045174
0.4052866
0.400049
0.3931795
0.3875878
0.3802873
0.3790521
0.3827466
0.3801131
0.3816792
0.3820872
0.3793847
0.3787119
0.3742374
0.376265
0.372501
0.3720056
0.3730422
0.37991
0.3821853
0.3856356
0.3867357
0.3865193
0.3871417
0.3881182
0.3851294
0.3833194
0.3845494
0.3834642
0.3836624
0.3827459
0.3907287
0.3939333
0.3956428
0.3909603
0.3867127
0.3869183
0.3836063
0.383365
0.3781144
0.3783811
0.3742709
0.3774692
0.3740482
0.3745593
0.3762742
0.3773586
0.3776588
0.3820608
0.3827635
0.3849477
0.3883276
0.3842934
0.3874862
0.3844491
0.3795534
0.3762374
0.3772438
0.381545
0.3846246
0.3838654
0.3877146
0.3946469
0.3951102
0.3942513
0.3924006
0.3925926
0.3986587
0.3981812
0.3952375
0.3942255
0.3902494
0.394204
0.3963319
0.3983229
0.3980764
0.3954346
0.3904409
0.3866477
0.3857083
0.3851261
0.3884413
0.3891599
0.3974289
0.4021162
0.4074288
0.4038564
0.4058601
0.3998458
0.3950621
0.3982988
0.3929587
0.3954648
0.3889668
0.3889322
0.3854343
0.3862167
0.387047
0.3894635
0.3898679
0.3846753
0.3828539
0.3820499
0.385003
0.3881637
0.3866103
0.3844407
0.3858119
0.3906879
0.3878237
0.3896106
0.3936896
0.3924414
0.3835769
0.3813115
0.3896035
0.3928025
0.391446
0.3953266
0.397194
0.3939711
0.3898763
0.3867753
0.3880743
0.3836732
0.386264
0.3880849
0.3895899
0.3861499
0.3869046
0.3855742
0.3883803
0.3837188
0.3890109
0.3899281
0.3900899
0.3974072
0.3941668
0.3947297
0.3985595
0.4009733
0.4008319
0.3971512
0.3887699
0.3901765
0.3852712
0.3840505
0.3856275
0.3773269
0.375776
0.3747044
0.3713976
0.3740829
0.3712315
0.3761557
0.3720672
0.3732306
0.3734245
0.3677289
0.3638996
0.369205
0.3657469
0.3677677
0.3673169
0.3707667
0.3731798
0.3761215
0.3721727
0.3770363
0.3796328
0.3904419
0.3910582
0.3971478
0.3966292
0.4042546
0.4025898
0.4035087
0.4131871
0.4151212
0.4173337
0.4186088
0.4307045
0.432877
0.4225488
0.423478
0.423755
0.4289646
0.4273569
0.4299893
0.4280986
0.4272735
0.4188756
0.4179064
0.4250525
0.4230296
0.4188411
0.4218626
0.4180363
0.4182843
0.4146597
0.4153995
0.4222196
0.4245978
0.4214111
0.4197892
0.417082
0.4241014
0.4267909
0.4269604
0.4191866
0.4196051
0.4158378
0.4118062
0.4109488
0.4060726
0.4026948
0.403135
0.4065312
0.4039461
0.4094365
0.415756
0.4140847
0.4164238
0.4183149
0.4141928
0.4139983
0.4072528
0.4093934
0.4177856
0.4219888
0.4280421
0.4301239
0.4278656
0.4291351
0.4291728
0.4308517
0.4308921
0.4321318
0.4436682
0.4496874
0.4569552
0.4596832
0.4599996
0.4645088
0.453722
0.4480662
0.4477606
0.4531603
0.454166
0.4607426
0.4547655
0.4542552
0.4565256
0.4631125
0.4679796
0.4706695
0.4690464
0.4659062
0.4715151
0.4667577
0.4699522
0.4735734
0.4824648
0.486971
0.4916017
0.4917044
0.4896209
0.4788771
0.4800824
0.4706218
0.4694892
0.4717486
0.4728956
0.4642632
0.464529
0.4692789
0.4728382
0.4714137
0.4792688
0.481131
0.4813427
0.4754963
0.4754827
0.4741273
0.4778253
0.4644474
0.4670042
0.4684782
0.4691971
0.4698817
0.4683898
0.4667696
0.4668027
0.4685676
0.4770845
0.4810265
0.485927
0.4905403
0.4856665
0.4890386
0.4894316
0.4852283
0.4779827
0.4821383
0.4765941
0.4801298
0.4791281
0.4808439
0.4872725
0.4798438
0.4758969
0.476751
0.4746846
0.4672192
0.465432
0.4630317
0.4680483
0.4610801
0.4623111
0.4661115
0.4642052
0.4642222
0.464736
0.4641256
0.4643675
0.4533491
0.4492178
0.4455653
0.4445525
0.4476884
0.4466909
0.4399112
0.4428847
0.4395582
0.4306481
0.4293256
0.4294623
0.4285914
0.4211519
0.4224842
0.4270963
0.4306781
0.4292489
0.4253385
0.4243437
0.42574
0.4301014
0.4259276
0.4282575
0.4204168
0.4162693
0.418549
0.418577
0.4129352
0.4125154
0.4098754
0.4201834
0.4126946
0.4110045
0.4109425
0.4187063
0.4200642
0.4189602
0.4184265
0.4221622
0.4221489
0.419488
0.4223037
0.4203502
0.4189885
0.4172115
0.4131095
0.4052803
0.4025818
0.397609
0.3947976
0.3931287
0.392338
0.3897963
0.3877742
0.3807437
0.3893887
0.3843228
0.3873639
0.3798471
0.3748251
0.3744966
0.3685196
0.3722505
0.3747399
0.3750705
0.3771978
0.3747469
0.3823319
0.3845456
0.3877676
0.3824903
0.3797276
0.3827433
0.3857662
0.3905435
0.3906028
0.3877143
0.3895596
0.3946956
0.3961642
0.3954921
0.396868
0.3953242
0.402931
0.4059893
0.4018597
0.4024293
0.4082796
0.4027995
0.3964332
0.3973052
0.4013746
0.4041145
0.410401
0.4113494
0.4200934
0.4241724
0.4225575
0.4236813
0.4251468
0.4267135
0.4231334
0.4232294
0.4283447
0.4274753
0.4295649
0.4272592
0.4250379
0.4210721
0.4222875
0.4233558
0.4229696
0.4217697
0.4172456
0.4157969
0.4157555
0.4127572
0.41474
0.4177481
0.4157874
0.42418
0.4222886
0.4204055
0.4218158
0.4187474
0.4202114
0.4183115
0.4176639
0.4135952
0.4098641
0.4073313
0.4062298
0.4086826
0.4124897
0.41294
0.412819
0.408566
0.4046969
0.4002765
0.4047356
0.4058157
0.403802
0.4048355
0.40745
0.4044855
0.4018649
0.4059565
0.4019079
0.401302
0.4047948
0.4007504
0.3993876
0.4018887
0.4038334
0.406864
0.4057402
0.4086991
0.4114426
0.4103455
0.41207
0.4128358
0.4135152
0.4184817
0.418391
0.4213797
0.4259614
0.4314094
0.4269718
0.4273244
0.4278674
0.4249416
0.4266635
0.4350837
0.4362212
0.4353267
0.4348921
0.433314
0.4372696
0.4347043
0.4323377
0.4334791
0.4332595
0.4291099
0.4326196
0.4321524
0.4384846
0.436533
0.4341627
0.4312618
0.4229422
0.428692
0.4295814
0.4381897
0.4370712
0.4426535
0.4378633
0.4356759
0.427178
0.4237534
0.4257344
0.4256075
0.4236785
0.4241399
0.4233956
0.419178
0.4249236
0.4253421
0.4311641
0.4252184
0.4279502
0.419831
0.4201047
0.4262073
0.4278996
0.4305532
0.4299762
0.4234452
0.4219619
0.417344
0.4200748
0.4189119
0.414506
0.4230849
0.424832
0.4198047
0.4183962
0.4156767
0.4130263
0.4253033
0.4302871
0.4262693
0.4225158
0.4238805
0.4208269
0.4145504
0.4177744
0.4205216
0.4182968
0.417075
0.4178776
0.4252592
0.4294175
0.4344738
0.4385385
0.438035
0.4406616
0.4400011
0.4452405
0.4398007
0.4346556
0.4357455
0.4399767
0.4457755
0.4438342
0.4432081
0.4402644
0.4412526
0.4435917
0.4498934
0.4476284
0.4410434
0.4379954
0.4294104
0.4321939
0.4369507
0.4423423
0.4462948
0.439046
0.4375721
0.4355416
0.4453265
0.4537569
0.4509583
0.4520779
0.4492386
0.4428878
0.4445254
0.4416674
0.4425846
0.4455942
0.445483
0.4445306
0.4579414
0.4563658
0.4527909
0.446934
0.4506715
0.4505025
0.4507979
0.4497851
0.4549788
0.4630217
0.4569774
0.4503228
0.4490705
0.4477471
0.4502872
0.4524763
0.4534712
0.4554805
