3.54199
3.60879
3.606963
3.498956
3.941324
3.982094
4.043243
4.011098
4.052706
3.984253
3.962115
4.026978
4.057535
4.05426
3.903197
3.955952
3.893618
3.654171
3.643754
3.494084
3.628389
3.663846
3.533199
3.753897
3.756937
3.81087
3.995991
3.997897
4.129571
4.269449
4.373994
4.330292
4.269903
4.387032
4.322165
4.209119
4.054084
3.738961
3.699805
3.355047
3.243939
3.025565
2.949116
3.157767
3.114246
3.100715
2.869256
3.049996
3.136008
3.159351
3.254089
3.153771
3.564396
3.524971
3.547433
3.443698
3.520461
3.535114
3.627666
3.565641
3.416284
3.366849
3.695862
3.586821
4.000034
3.917094
3.756089
3.672719
3.670038
3.522779
3.821023
4.045669
4.008688
4.074783
4.076374
4.03639
4.035902
3.908438
3.906191
4.09905
3.847763
4.052614
4.33382
4.178955
4.304963
4.257866
4.349389
4.255516
4.34966
4.285334
4.197342
4.040976
3.792744
3.806168
3.814208
4.052034
3.844217
3.902215
4.027514
3.870956
3.690362
3.615858
3.696441
3.798869
3.582986
3.659703
3.703852
3.451958
3.383832
3.281771
3.369724
3.119282
2.993022
3.094135
3.050937
3.098556
3.02417
3.250426
3.375227
3.346959
3.345654
3.473644
3.300066
3.229663
3.05173
3.011388
2.986584
2.884654
2.794721
2.859922
2.955573
2.71211
2.598123
2.564999
2.523071
2.40022
2.43599
2.20242
2.028091
2.372636
2.380474
2.19651
2.223969
2.235973
2.364367
2.424555
2.533892
2.287316
2.267654
2.541194
2.798216
2.806917
2.883715
2.871801
2.581812
2.444146
2.504641
2.273596
1.951725
1.970637
1.915783
1.783093
1.796483
1.7244
1.754217
1.719452
1.78096
1.923717
2.106656
2.261158
2.232296
2.261034
2.260028
2.241358
2.106895
2.083081
2.210841
2.089117
2.16536
2.220092
2.52719
2.603162
2.852993
3.225563
3.18247
3.490193
3.427799
3.391319
3.365052
3.140527
3.137243
3.017881
3.02652
2.97853
3.014245
2.810971
3.244249
3.161208
2.815172
2.796547
2.693781
2.81728
2.740219
3.06709
2.990975
2.986272
3.202531
3.382894
3.514928
3.643669
3.309847
3.076115
3.144995
3.306357
3.242799
3.264116
3.032266
3.083873
3.260144
3.392256
3.737376
3.9395
3.863834
3.581491
3.463616
3.416896
3.331713
3.118658
3.194709
3.196485
3.019022
3.128521
2.955512
2.984972
2.908167
2.91816
3.032114
2.767361
2.83086
2.741125
2.877917
3.014014
3.100715
3.176615
3.200087
3.154376
3.358513
3.277437
3.35276
3.580047
3.552688
3.723709
3.713645
3.867922
3.887682
4.072224
3.988768
3.832678
4.087727
4.385542
4.515558
4.404956
4.537298
4.499828
4.391262
4.24746
4.355144
4.256572
4.149449
3.95765
4.083646
4.12565
4.349723
4.394436
4.380537
4.60531
4.39835
4.394869
4.161771
3.884583
3.880089
4.113913
3.944331
3.790849
4.12741
4.247973
4.087776
4.090947
4.280356
4.266251
4.331728
4.29203
4.213398
4.391007
4.30047
4.169306
4.264292
4.151037
4.255277
4.188505
4.144524
3.859109
3.769442
3.753386
3.749246
3.652924
3.757903
3.837369
4.014568
3.903196
3.839138
3.8596
3.942826
4.065786
3.864271
3.796974
3.543243
3.719551
3.539094
3.507276
3.543985
3.60037
3.347623
3.374107
3.256885
2.871655
2.794476
2.614122
2.358066
2.447573
2.425391
2.399103
2.305419
2.347882
2.324654
2.191684
2.130717
2.033759
2.005484
2.037106
2.051803
2.120449
1.984858
2.157498
2.001426
2.305763
2.40128
2.559853
2.46826
2.367487
2.315505
2.18042
1.942242
1.892739
1.848269
1.885007
2.166012
2.373257
2.497106
2.333831
2.279945
2.546713
2.446337
2.54334
2.631495
2.80299
2.407306
2.312949
2.406806
2.601681
2.560423
2.617655
2.601043
2.643978
2.62305
2.608151
2.578786
2.373401
2.694984
2.981731
2.956433
2.923924
2.887587
2.931708
2.992095
2.993298
2.988401
2.957972
3.045977
3.033525
3.162351
3.515764
3.510944
3.260055
3.068378
3.09465
2.913515
3.046686
3.060499
3.15201
3.111876
3.068817
3.094058
3.142473
3.159616
3.460707
3.396346
3.635158
3.780449
3.917521
3.861611
3.861075
3.892612
4.046726
4.261159
4.053664
4.07471
3.971256
3.976183
4.103382
4.17964
4.020503
4.084261
4.046014
4.071844
3.934592
3.767167
3.708641
3.663976
3.713621
3.541525
3.289933
3.374356
3.272767
3.210895
3.29179
3.235649
3.094066
3.089562
2.970853
3.156949
3.190901
3.106334
2.951245
2.959531
2.692712
2.637242
2.511695
2.354105
2.313787
2.359715
2.608113
2.60324
2.426373
2.391376
2.289907
2.212331
2.332513
2.163321
2.128618
1.824587
1.591917
1.903569
1.746437
1.876847
2.13032
1.952996
1.892261
1.99527
2.027129
1.902728
2.141594
2.041173
1.999601
2.044676
2.068543
2.031284
2.263912
2.172194
2.298997
2.413044
2.481024
2.322826
2.572897
2.805241
2.582592
2.607908
2.664252
2.705098
2.676371
2.933552
2.930958
2.824722
2.712828
2.739133
2.967534
3.061941
3.14483
3.207941
3.21075
3.278038
3.332722
3.239529
3.294609
3.164142
2.904671
3.018984
2.895991
3.055545
3.098927
3.131466
2.945331
2.91107
2.646966
2.960669
2.868117
3.018313
2.964611
3.051581
3.174775
2.934261
2.926627
2.92137
3.23498
3.361716
3.409506
3.332125
3.173865
3.444323
3.435614
3.48625
3.671267
3.948131
4.049873
3.807148
3.75621
3.820499
3.671129
3.732873
3.839455
3.723553
3.910682
4.18185
3.991965
4.009039
3.953338
3.977035
4.008974
3.723332
3.597462
3.6437
3.340579
3.567753
3.511132
3.355697
3.275679
3.269347
3.430085
3.398303
3.439976
3.417252
3.42799
3.476034
3.356553
3.390583
3.580973
3.715275
3.690473
3.450402
3.521381
3.511211
3.77452
3.967353
3.926893
3.777636
3.491903
3.574874
3.819167
3.850484
3.912697
4.078119
3.983901
3.926877
4.029355
3.8319
3.85217
3.749834
3.634169
3.725396
3.871666
3.80403
3.736807
3.845961
3.903435
3.554902
3.728611
3.500602
3.424695
3.290623
3.320771
3.241336
3.366235
3.256756
3.224432
3.230727
3.309434
3.158766
3.215326
3.150558
3.06496
2.967767
2.894356
2.843294
2.838037
2.764183
2.973805
3.193421
3.130221
3.168398
3.085646
3.033549
3.18269
3.189831
3.314072
3.585451
3.359815
3.341313
3.424517
3.430937
3.337585
3.075192
3.102842
3.150501
3.17591
3.142255
3.030678
2.65582
2.366861
2.124602
2.285779
2.308568
2.327217
2.165755
2.239362
2.42715
2.455705
2.490082
2.720606
2.619443
2.962086
2.999666
2.957428
3.023175
2.914869
3.111108
3.254571
3.331383
3.419849
3.373486
3.370201
3.547962
3.594483
3.41186
3.173638
3.065159
2.865267
2.89039
2.95553
2.707397
2.958114
2.9548
2.798451
2.907999
3.033185
2.885751
2.908441
2.822964
2.94025
2.807348
2.860396
2.960037
2.902353
3.14564
3.07673
2.864466
2.711918
2.799804
2.734239
2.719295
2.83036
2.679013
2.864686
2.949415
3.065875
3.242582
3.095658
3.161796
3.219989
3.116825
3.307058
3.543313
3.666993
3.639639
3.434918
3.437112
3.384704
3.360939
3.309589
3.321384
3.371447
3.407711
3.421998
3.43328
3.416713
3.49016
3.466991
3.600606
3.470244
3.55549
3.602758
3.772135
3.425802
3.443126
3.336509
3.672631
3.876555
3.910069
4.124453
4.215574
4.283716
4.103894
4.184342
4.152495
4.077204
3.98578
4.058686
4.203105
4.256676
4.221822
4.645614
4.588454
4.625278
4.92748
4.902064
4.913683
5.078223
5.06168
5.136331
5.305194
5.395919
5.364788
5.532636
5.326932
5.387613
5.517133
5.629098
5.578835
5.458313
5.573787
5.834614
5.783146
5.634943
5.69801
5.678535
5.619551
5.816679
5.75819
6.005013
6.124815
6.096812
5.865224
5.827941
5.78179
5.899472
5.949422
5.766972
5.783332
5.971482
5.859441
5.695659
5.730865
5.445733
5.562762
5.672373
5.877211
5.812081
5.860428
5.631779
5.515032
5.632078
5.260326
5.335584
5.506576
5.359892
5.293944
5.101984
4.909236
4.882937
4.772124
4.794911
4.830863
4.96825
4.813561
4.787396
4.682482
4.301745
4.573718
4.678164
4.590972
4.537501
4.573182
4.318875
4.464773
4.431018
3.951019
3.972008
3.892757
4.14152
4.24008
4.41601
4.400516
4.343411
4.25667
4.174229
3.987698
3.977257
3.717156
3.878467
3.741245
3.836358
3.587464
3.860072
3.670073
4.008504
3.917898
4.214476
4.204489
4.3327
4.337385
4.512585
4.582187
4.397366
4.331327
4.469862
4.264457
4.165533
4.32247
3.957982
3.766976
3.691833
3.538473
3.608949
3.394485
3.592611
3.575744
3.539159
3.454616
3.437692
3.38495
3.515255
3.677927
3.764551
3.671186
3.595593
3.672145
3.631149
3.678545
3.474575
3.329696
3.16043
3.087447
3.061923
3.125527
3.160009
3.235779
3.131703
3.065744
2.998887
3.114216
3.086993
2.821955
2.734699
2.760775
2.877625
2.917171
2.833258
2.776444
2.650571
2.617047
2.606764
2.678239
2.420455
2.489427
2.366813
2.405493
2.351329
2.369333
2.133459
2.033438
2.143028
2.082344
1.937479
2.08174
1.952361
1.919981
1.793989
1.77819
1.997417
1.978004
1.960985
2.152853
2.229253
2.470506
2.230349
2.18354
2.284055
2.356187
2.26745
2.526083
2.449538
2.439113
2.167813
2.305529
2.286855
2.353298
2.486991
2.694324
2.716397
2.771418
2.786962
2.789385
2.832581
2.962014
2.963505
3.270954
3.372543
3.762854
3.678598
3.640183
3.661733
3.795857
3.710811
3.750369
3.77587
3.84171
3.817225
4.091254
4.280992
4.443951
4.408665
4.516488
4.651123
4.600126
5.071171
4.788612
4.659391
4.654051
4.725744
4.611066
4.621001
4.499655
4.602825
4.525569
4.703555
4.907867
4.767019
4.894168
4.808543
4.768013
4.76653
4.971912
4.793459
4.929258
4.908501
4.778105
4.86873
4.584755
4.509973
4.414606
4.732623
4.636995
4.532679
4.724495
4.548659
4.699836
4.821096
4.688031
4.54566
4.560301
4.659239
4.656516
4.505691
4.298524
4.310346
4.313909
4.432275
4.563195
4.547808
4.403771
4.422434
4.385942
4.249649
4.179059
4.138707
4.227504
4.158433
4.053186
4.0584
4.223458
4.304787
4.331529
4.599846
4.196881
4.360111
4.441097
4.544574
4.65619
4.478011
4.247649
4.183121
4.136927
3.827622
4.091228
3.881894
4.011088
3.877817
3.782143
3.709445
3.680056
3.752553
3.778171
3.865023
3.910417
4.028227
3.985086
4.174722
4.258749
4.229604
4.438376
4.277109
4.265766
4.500685
4.531607
4.606342
4.311285
4.314833
4.554742
4.506161
4.420304
4.652166
4.348294
4.343778
4.358108
4.6395
4.925301
5.420764
5.264321
5.317588
5.438877
5.540044
5.321688
5.154271
4.91224
4.787318
4.719325
4.718285
4.658836
4.672229
4.678024
4.71805
4.688169
4.575696
4.523389
4.511393
4.528033
4.544605
4.265464
3.989777
4.018927
3.954153
3.897378
4.198678
4.266693
4.294063
4.108732
4.177382
4.09417
3.754293
3.58059
3.568272
3.466164
3.512194
3.197291
3.138551
3.267665
3.537377
3.665267
3.642578
3.842766
3.956655
3.93791
3.583917
3.81389
3.787311
3.795723
3.962989
4.295145
4.587014
4.824723
4.443425
4.255986
4.157045
3.921635
3.740614
3.766602
3.87603
3.83388
4.115199
4.131572
4.117515
3.894535
3.777928
3.981304
3.926925
3.961772
4.156188
3.975495
3.972577
3.771279
3.876994
3.72112
3.524275
3.444463
3.421328
3.355912
3.575123
3.418344
3.466867
3.45316
3.457898
3.462357
3.570705
3.913903
3.827346
3.714885
3.73609
3.667998
3.514497
3.464024
3.643611
3.682799
3.970286
4.054614
4.113604
4.097813
4.221284
4.310946
4.334388
4.277667
4.076168
4.109821
4.17286
4.238538
4.251346
4.28594
4.266305
4.17209
4.245352
3.983585
4.092207
4.376707
4.477294
4.360994
4.25424
4.366853
4.257687
4.468846
4.302826
4.380631
4.38727
4.331022
4.280244
3.871142
3.436282
3.24387
3.264745
3.374218
3.174416
2.789074
2.724471
2.682144
2.529579
2.584579
2.86702
2.894018
2.884305
2.958158
2.687833
2.904992
2.888562
2.963339
3.032658
2.796294
2.412312
2.516163
2.190825
2.076568
2.159237
2.480764
2.466915
2.662967
2.791185
2.692471
2.70267
2.595594
2.613266
2.579153
2.475427
2.52258
2.605868
2.773443
3.067782
3.063049
2.732675
2.662168
2.666063
2.695829
2.446735
2.419612
2.734215
2.681577
2.65044
2.678305
2.681902
2.879771
3.122353
2.89906
3.032549
2.969848
3.074326
3.025602
3.097682
3.251194
3.210488
3.380165
3.418957
3.61338
3.324579
3.244569
3.265131
3.322016
3.620848
3.745863
3.831978
3.589532
3.797393
3.695141
4.020546
3.977295
3.893096
4.117733
4.24025
4.036803
4.158531
4.077349
3.844886
4.006414
3.978851
3.953494
4.043655
4.135206
4.018379
3.996305
3.798207
3.833646
4.012263
3.832116
3.787421
3.773016
4.089407
4.300518
4.62603
4.7141
4.774652
4.607991
4.832339
5.025078
5.158117
5.12771
4.732953
4.808164
4.9053
5.093635
5.067064
5.08703
5.107858
5.061082
4.910752
4.932785
4.954642
4.878536
5.2142
5.270023
5.005376
4.691164
4.626633
4.385658
4.365818
4.412557
4.350547
4.325406
4.146408
4.033926
4.001683
3.755827
3.548315
3.595202
3.663498
3.474359
3.10886
3.180021
3.272131
3.189923
2.738027
2.976777
3.035688
2.949242
3.113479
3.184852
3.235276
3.321598
3.224116
2.919415
2.847613
3.020534
3.08166
3.043776
3.183006
3.208044
3.100213
2.872897
3.043304
3.18381
3.350983
3.623458
3.652512
3.614688
3.482179
3.487193
3.710776
3.893537
3.845586
3.92915
4.024633
4.360627
4.26562
4.281394
4.08024
4.178696
4.353402
4.395394
4.593625
4.701757
4.300409
4.465239
4.522354
4.475912
4.452825
4.454808
4.299713
3.989113
3.839236
3.887464
3.943445
4.071349
4.205758
4.315346
4.320124
4.183071
4.353639
4.300289
4.289443
4.24603
4.279161
4.389315
4.273046
4.35376
4.351041
4.58311
4.407924
4.45905
4.48203
4.558853
4.896649
4.928697
4.881534
4.84254
4.885461
5.049298
4.882839
4.700784
4.908855
5.116125
5.091897
4.812399
4.575823
4.380018
4.668661
4.725613
4.473814
4.626267
4.332434
4.178795
4.23161
4.242016
4.173558
3.600807
3.338479
3.268113
3.442883
3.470446
3.696729
3.675216
3.438945
3.20069
3.290807
3.255006
3.197753
3.145603
3.068433
2.966739
2.922062
2.762948
2.668667
3.060642
2.750551
2.720659
2.764918
3.063812
3.007422
2.806532
3.180242
3.014787
2.923857
2.636888
2.77294
2.91739
2.538374
2.414529
2.317838
2.279233
2.149124
2.29492
2.338017
2.294968
2.430046
2.463416
2.385482
2.299063
2.330009
2.168039
2.291065
2.273017
2.241768
2.095957
2.148735
2.282384
2.243414
2.33948
2.126366
2.24082
2.374681
2.323648
2.381949
2.571406
2.413202
2.463246
2.475884
2.436705
2.413932
2.529641
2.637266
2.55121
2.652512
2.77542
2.965166
3.019413
2.972963
3.008291
2.981748
3.420991
3.27435
3.536408
3.786562
3.689831
3.840961
3.839299
3.891438
4.043908
3.879497
4.300582
4.428507
4.311632
4.656248
4.411668
4.426492
4.511769
4.232575
4.454299
4.604166
4.400785
4.455019
4.286284
4.339241
4.054699
3.900989
3.802613
3.923848
3.91237
3.797795
3.662262
3.381316
3.108499
3.437598
3.364422
3.09799
3.273593
3.358778
3.33877
3.496691
3.559304
3.625022
3.715072
3.599267
3.328307
2.876715
3.335071
3.345579
3.829719
3.905719
3.825882
3.802022
3.746067
3.843675
3.801336
3.663208
3.543048
3.690012
3.639308
3.712577
3.849705
3.766597
3.815969
3.608282
3.486591
3.347743
3.34445
3.171349
3.309976
3.299441
3.27479
3.14948
3.253159
3.392011
3.527696
3.725702
3.637948
3.603168
3.695029
3.601353
3.794032
3.498434
3.858644
3.676448
3.800721
3.99594
3.930246
3.874009
3.493233
3.626272
4.124665
4.073473
4.187976
4.319366
4.399333
4.132713
4.394741
4.252613
4.2221
4.300232
4.339001
4.274307
4.048279
3.966445
3.962312
4.169362
4.006303
4.204215
4.338729
4.256715
4.017779
3.799562
3.558925
3.641329
3.447143
3.19245
3.09074
2.915623
3.210777
2.859918
2.919405
2.85418
2.878582
2.950081
2.877972
3.067394
3.237594
3.256821
3.472217
3.529583
3.263183
3.3162
3.33407
3.339711
3.353791
3.522778
3.407003
3.360708
3.340688
3.081712
2.962953
2.808763
3.163491
3.258047
3.373307
3.458816
3.242174
3.156093
3.317852
3.24281
3.26513
3.423897
3.142691
2.847929
2.803115
2.994274
3.254289
3.189695
3.317228
3.099137
3.093899
2.957151
3.136634
2.797106
3.002935
2.997428
2.90799
3.151606
3.420839
3.369637
3.265478
3.463116
3.91812
4.024606
3.99877
3.952479
4.029914
4.226526
4.073117
4.153227
4.207126
3.968438
4.051926
4.015416
3.858358
3.970085
3.94945
3.846872
3.713001
3.816285
4.064299
4.009572
3.761967
3.798947
3.643271
3.719343
3.675201
3.665872
3.643278
3.625144
3.418119
3.409873
3.564179
3.636849
3.641906
3.701589
3.909622
3.828073
3.969783
3.86428
3.687274
3.503634
3.720569
3.635187
3.603321
3.502276
3.767513
3.701115
3.81559
3.811576
3.417725
3.469015
3.276348
3.245111
3.202141
3.331739
3.376464
3.212499
3.279755
3.128204
3.443778
3.445061
3.39202
3.384284
3.393374
3.262796
3.424062
3.322293
3.391606
3.555695
3.249324
3.287295
3.158479
3.207637
3.100529
3.063345
3.320794
3.368437
3.112953
3.143712
3.078105
2.998414
3.061593
3.159001
3.16208
3.275411
3.398385
3.502908
3.459192
3.352939
3.290364
3.609755
3.38447
3.426463
3.424253
3.744568
3.670362
3.820043
3.741695
3.58125
3.846668
3.72692
3.942438
4.158395
4.283716
4.540623
4.677814
4.787443
4.537767
4.665497
4.703792
4.435664
4.060354
3.705705
3.668173
3.683099
3.621253
3.656681
3.528868
3.395632
3.3355
3.229038
3.283101
3.316675
3.407851
3.178023
3.629455
3.116334
3.042414
3.151143
2.84044
2.974579
3.0906
3.039576
2.998916
3.01202
2.713816
2.799617
2.622368
2.768988
2.822085
3.091673
2.957534
3.164777
3.144778
3.225665
3.160773
2.97477
3.145479
3.014249
3.068388
2.962887
3.015118
2.950389
3.188316
3.276017
3.118713
3.313775
3.272428
3.31913
3.223851
3.125046
3.205668
3.260956
3.424128
3.111245
3.059161
3.20094
3.134281
3.015311
2.826676
3.14822
3.026809
3.059271
2.93011
2.822363
2.995427
3.073416
3.187938
3.165451
3.186973
3.142705
3.306131
3.2523
3.236617
3.140286
3.294918
3.299389
3.354852
3.397989
3.226097
3.589067
3.7906
3.577976
3.529483
3.648123
3.593303
3.641865
3.614436
3.382901
3.453429
3.372423
3.562263
3.780242
3.690666
3.594746
3.656465
3.525924
3.708792
3.647965
3.791494
3.891505
3.788218
3.993554
3.890746
4.029084
3.964531
4.182274
4.217799
4.328799
4.202931
4.0235
3.944998
4.17814
4.211118
4.135953
3.867949
3.898701
3.874249
3.837561
4.022425
4.114378
3.874069
3.84535
4.074724
4.14675
4.10824
4.325746
4.312403
4.491026
4.295234
4.344986
4.416704
4.519706
4.113219
4.064416
4.13493
4.14352
4.026959
4.032476
4.162666
4.012979
4.048347
4.308322
4.307312
3.697058
3.742588
3.814228
3.843229
3.760956
3.559395
3.489252
3.276494
3.118345
3.170017
3.180224
2.908139
3.039594
2.73065
2.647905
2.513782
2.545187
2.867486
2.848043
2.6837
2.453458
2.559103
2.506955
2.57735
2.392098
2.568704
2.759986
2.851197
2.616424
2.620745
2.524044
2.476968
2.542896
2.588836
2.696972
2.663138
2.622292
2.511516
2.52348
2.59117
2.781242
2.68141
2.75464
2.897352
3.126841
3.204583
3.106402
3.089255
3.203286
3.008073
2.951497
2.891785
2.868738
2.999342
3.040232
2.910975
2.936027
3.033239
3.214826
3.176223
3.174725
3.021118
3.336714
3.349752
3.308007
3.392153
3.403037
3.530477
3.439687
3.456678
3.58874
3.205965
3.201554
3.500735
3.786466
3.606735
3.68086
3.717824
3.699316
3.553539
3.508967
3.573992
3.766032
3.984227
3.834216
4.413952
4.41707
4.461149
4.739443
4.697827
4.749156
4.658962
4.903618
4.795129
4.679232
4.67507
4.766452
4.47196
4.34183
4.324641
4.448404
4.413946
4.673822
4.979127
5.181101
4.841019
4.864029
5.026277
4.944463
4.903284
4.931252
4.990668
4.992542
4.959055
4.873845
5.053702
4.903242
4.835248
4.698705
4.723691
4.823678
4.460046
4.455545
4.338704
4.388558
4.33947
4.201406
4.078044
3.548525
3.587888
3.669959
3.425483
3.489957
3.378903
3.30291
3.637742
3.609978
3.424138
3.472021
3.609624
3.389872
3.424796
3.690242
3.57574
3.34221
3.257739
3.116568
3.233963
3.125297
3.214578
3.352198
3.317088
3.001094
2.645897
2.900696
3.017966
3.292069
3.477525
3.611542
3.694382
3.663725
3.479364
3.707876
3.575549
3.631321
3.759008
4.071157
4.234492
4.22851
4.249327
4.415223
4.393567
4.317104
4.349812
4.266286
4.294811
4.39046
4.259835
4.273754
4.205805
4.034482
3.727194
3.52143
3.435328
3.957772
3.875879
3.928984
3.884002
3.843265
3.751112
3.840882
3.766362
3.919563
3.819772
3.865997
3.981263
4.006484
4.083591
4.031024
4.11083
4.124361
4.020664
4.262685
4.20161
4.299834
4.114161
4.013944
3.857161
4.058054
4.110402
4.273202
4.089884
3.963773
4.059458
3.989809
4.022291
4.065217
4.215328
4.382269
4.260829
4.407336
4.244387
4.055297
3.85936
3.726729
3.897719
3.833154
3.547099
3.605108
3.433541
3.591566
3.594653
3.712433
3.694682
3.866374
4.069294
3.983585
3.900485
3.766528
3.833935
3.897525
4.064465
4.058442
3.890607
3.787357
3.705092
3.686175
3.840003
3.746671
3.890674
3.883167
3.812376
3.875281
3.683688
3.820311
3.777278
3.772132
3.701127
3.598919
3.551524
3.615585
3.86099
3.72434
3.777955
3.732503
3.758183
3.996644
4.069412
3.940338
3.875154
3.78916
3.66735
3.789156
3.690945
3.778368
3.637582
3.720952
3.734159
4.068791
4.228753
3.914406
3.735449
3.77779
3.723114
3.656151
3.833383
3.753089
3.728565
3.607293
3.648629
3.535559
3.466935
3.624547
3.679119
3.58418
3.399788
3.430598
3.036185
3.208454
3.145399
3.281445
3.226803
3.308091
3.652261
3.820604
4.004823
3.866649
3.759517
3.768414
3.432638
3.408269
3.539409
3.634791
3.763332
3.711739
3.88107
4.139024
4.374778
4.531372
4.357752
4.462842
4.612616
4.482068
4.315987
4.335049
3.95071
4.025904
4.288315
4.382845
4.528449
4.719053
4.802203
4.809268
4.670178
4.270295
4.262609
4.792142
4.839707
4.728532
4.83488
4.776684
4.687139
4.548017
4.454137
4.660997
4.724154
4.674774
4.711334
4.444308
4.466113
4.579962
4.505602
4.218115
4.380406
4.339761
4.337437
4.246261
4.149406
4.102793
3.687268
3.458698
3.065378
2.8432
3.199357
3.159761
3.132495
3.038351
3.012045
3.241962
2.928859
2.768085
3.047548
2.820628
2.78989
2.659048
2.795126
2.679456
2.734608
2.600372
2.386396
2.426789
2.363665
2.673845
2.711974
2.880974
2.905873
3.104041
3.135946
3.250259
2.889842
2.944164
3.087269
3.132528
3.025986
3.05133
2.970452
3.115913
3.162079
3.123993
2.923498
2.990203
2.988273
2.996505
2.960535
3.033688
2.990456
3.275969
3.673396
3.677992
3.638162
4.044941
4.050441
4.046389
3.762524
3.865563
3.612017
3.770563
3.618684
3.726597
3.597165
3.383795
3.371613
3.608714
3.63123
3.419368
3.381571
3.529483
3.539512
3.779081
3.83425
3.637574
3.66762
3.618104
3.258265
3.292021
3.267177
3.45026
3.69013
3.707843
3.463766
3.433656
3.793369
3.872996
3.949478
4.04888
3.922848
4.015939
3.963524
3.979466
3.843284
3.822429
3.735319
3.759974
3.650746
3.476246
3.343187
3.230352
3.132141
3.379207
3.308773
3.285558
3.144762
3.152242
3.290063
3.432994
3.496862
3.693815
3.869234
4.004833
4.057898
3.937089
3.741802
3.663863
3.5364
3.577652
3.47292
3.559733
3.815734
3.694556
3.743146
3.81474
3.703566
3.653404
3.058151
2.649373
