0.2852904
0.3711834
0.32125
0.2567137
0.2765217
0.2565144
0.2267834
0.2244776
0.1488488
0.1834217
0.2110828
0.2532183
0.324621
0.1300058
0.2751297
0.2530923
0.2258067
0.239881
0.1990855
0.2922343
0.4382858
0.2579565
0.2831108
0.2654064
0.2509078
0.2891556
0.2153147
0.2760585
0.219511
0.3186576
0.2798688
0.142454
0.166143
0.237288
0.3626789
0.4194562
0.4994906
0.3006461
0.27744
0.2593191
0.2684481
0.2852324
0.211147
0.4187688
0.2473969
0.4996819
0.3325482
0.2193976
0.191575
0.3576782
0.3613827
0.2886492
0.2911142
0.3285867
0.2862826
0.2510812
0.3469214
0.2409943
0.4036906
0.1935747
0.2171089
0.3017053
0.2478379
0.2633458
0.2913808
0.2934252
0.3047714
0.2222402
0.2162007
0.2706178
0.2289381
0.3026946
0.2254913
0.2156079
0.3240011
0.1594005
0.2045753
0.2957897
0.2666202
0.3951104
0.2902224
0.1933406
0.1572075
0.2997707
0.2531669
0.3021503
0.2632598
0.2881252
0.1800439
0.2715067
0.2644112
0.2781921
0.2995329
0.2041563
0.2831361
0.4147268
0.2806649
0.4601801
0.3420895
0.2678715
0.2942806
0.2048817
0.1890569
0.2209461
0.3225973
0.3500123
0.3175142
0.1950596
0.2249772
0.3344844
0.3822896
0.403015
0.2557145
0.3284124
0.3520721
0.3171165
0.268041
0.2115607
0.2499596
0.1085139
0.2017489
0.198176
0.312586
0.2722139
0.3017906
0.2696063
0.2469124
0.1686547
0.2180816
0.5229738
0.3266079
0.2036484
0.2387551
0.247621
0.2980524
0.2651519
0.3210843
0.295948
0.3475613
0.1703524
0.1293231
0.2084584
0.1859938
0.1840702
0.1759164
0.2913737
0.2385127
0.2884366
0.3791683
0.3324528
0.2285214
0.1857786
0.3643052
0.2876451
0.2362144
0.3078821
0.2711036
0.2760842
0.2894568
0.2943273
0.2954826
0.2692944
0.2411246
0.3023447
0.2510707
0.2981703
0.29895
0.4508484
0.3963699
0.2819771
0.1251857
0.2650514
0.3577238
0.2752843
0.3152845
0.1804218
0.2284799
0.2714224
0.3941118
0.546298
0.2956144
0.4893016
0.360401
0.2093413
0.2879454
0.2190628
0.2216215
0.3780947
0.2872006
0.2364713
0.1772271
0.3126282
0.3928849
0.2800484
0.2309917
0.45119
0.2655223
0.284521
0.2254211
0.2544918
0.2957872
0.260439
0.2502678
0.2823043
0.2733424
0.3240997
0.2624862
0.3063987
0.2740968
0.3147706
0.3168044
0.4440379
0.368638
0.3723475
0.2997096
0.219734
0.2561836
0.3513211
0.3487196
0.2754072
0.3711216
0.2529543
0.2562515
0.4722606
0.2928607
0.2795507
0.2627635
0.3787163
0.2927021
0.3058466
0.2662563
0.3833164
0.2136218
0.1243389
0.3649791
0.4663644
0.3779391
0.3073409
0.2807921
0.3084791
0.230288
0.2886343
0.2627065
0.2451608
0.1571967
0.2098326
0.2645358
0.2442852
0.2752298
0.4123385
0.3688733
0.3440001
0.2473778
0.2421415
0.2882363
0.3029934
0.3417369
0.2848041
0.4411943
0.4494631
0.233556
0.2561142
0.3379748
0.2283321
0.2357493
0.2584445
0.1631698
0.338719
0.2283119
0.2244159
0.3791374
0.3185159
0.2868435
0.2126992
0.3201054
0.3059413
0.2137617
0.2030393
0.3155302
0.2786142
0.2578011
0.3077867
0.3207843
0.3127576
0.2529429
0.2156388
0.2584398
0.2612924
0.272029
0.2160443
0.2441011
0.1801605
0.1902717
0.2871379
0.3230305
0.336604
0.2230819
0.2948237
0.3032198
0.1830917
0.2288211
0.4112306
0.2795996
0.2863236
0.1991794
0.1810789
0.2287379
0.2827594
0.239798
0.1994095
0.3053697
0.2799967
0.2887029
0.3103162
0.3135786
0.2103238
0.1958149
0.2008428
0.2950813
0.408579
0.2847346
0.2007571
0.3812134
0.3413145
0.2988437
0.2917447
0.4484032
0.6179128
0.356337
0.3124811
0.2941358
0.2570611
0.2329061
0.2504953
0.3725178
0.2632042
0.3166683
0.3725061
0.1649463
0.3443919
0.292528
0.2150735
0.4736467
0.3151477
0.4053563
0.1857502
0.1981326
0.2494018
0.357289
0.201759
0.1872183
0.3482147
0.2760211
0.2113946
0.1938385
0.3498831
0.3614888
0.2387141
0.2332525
0.2625925
0.3042445
0.3010309
0.2638746
0.3108097
0.3541652
0.1767677
0.4342983
0.2753882
0.213796
0.2937526
0.3095594
0.2308739
0.1939826
0.2413814
0.2556724
0.415511
0.2651883
0.4021242
0.3450222
0.2899874
0.2049656
0.2687669
0.3140251
0.2533637
0.2293215
0.3528985
0.3074081
0.2961013
0.2738317
0.35754
0.2891265
0.4238708
0.2404368
0.280461
0.2443673
0.2269592
0.1644739
0.2836583
0.2408375
0.2662517
0.2225337
0.1937124
0.163286
0.229986
0.3404708
0.2550667
0.4085573
0.3160827
0.2597907
0.3334776
0.2037932
0.155279
0.2274634
0.2090504
0.2778587
0.2139587
0.1730002
0.1800152
0.2300661
0.2763031
0.2128849
0.2423398
0.2004183
0.2017349
0.2230617
0.2537595
0.2834954
0.2007577
0.4032348
0.3368717
0.3069111
0.3837948
0.2938912
0.2832539
0.3262843
0.1871879
0.2899328
0.3260498
0.2507762
0.4508903
0.2565255
0.2426616
0.2263256
0.2368914
0.2330659
0.2824528
0.2542565
0.171884
0.154182
0.1866513
0.2540931
0.2893049
0.2887691
0.2883632
0.3712754
0.3315208
0.312191
0.1397534
0.216432
0.315133
0.2069077
0.2306287
0.3859275
0.3458581
0.467388
0.3039259
0.2934723
0.2297783
0.3238804
0.2186241
0.2162811
0.3254796
0.2420483
0.4535642
0.2474806
0.2194768
0.231624
0.2104685
0.2156476
0.3477555
0.2325019
0.2599599
0.2954089
0.3606274
0.2032977
0.3072337
0.2448482
0.3373397
0.2196945
0.1401328
0.1823194
0.1390683
0.1803791
0.1809107
0.2442007
0.2003294
0.2944658
0.3083481
0.2658357
0.1963294
0.29077
0.237097
0.2613022
0.2178266
0.244624
0.4020334
0.2754791
0.2192416
0.2241178
0.3516509
0.392513
0.2404453
0.2838473
0.2722122
0.2929463
0.3585716
0.3625916
0.2504489
0.1807791
0.2551033
0.2173608
0.2635896
0.2231331
0.1971067
0.2601186
0.2135486
0.2155816
0.5674285
0.3239077
0.3389477
0.2175292
0.2942701
0.1837287
0.3044051
0.1992196
0.1812771
0.287562
0.1922151
0.2920686
0.3700047
0.3248008
0.339446
0.2945431
0.2637494
0.2789275
0.1473341
0.2234093
0.3426846
0.2479333
0.2589786
0.2232218
0.2903108
0.1356097
0.2437888
0.5298634
0.368028
0.3355492
0.3323184
0.2250147
0.2745278
0.2024174
0.2611758
0.2766562
0.3298706
0.3030569
0.2789437
0.2843006
0.3437821
0.2829591
0.3795577
0.2309502
0.3433825
0.253429
0.1606116
0.1910944
0.2795487
0.3055906
0.4027155
0.2632799
0.2006161
0.1911817
0.1953951
0.2153092
0.2494407
0.1771836
0.1588382
0.1825238
0.1919726
0.2592255
0.2309965
0.322191
0.1941424
0.3517543
0.2530779
0.2869025
0.2258497
0.334146
0.1637086
0.2533073
0.1914072
0.1591256
0.2423332
0.2604009
0.2733076
0.25081
0.3393801
0.2669503
0.2508617
0.2270864
0.271261
0.2116903
0.1832448
0.208451
0.2080455
0.2511127
0.2072973
0.2786926
0.3097487
0.2628745
0.3710134
0.2807131
0.313154
0.2836104
0.3870814
0.3137958
0.3215585
0.2753106
0.3254222
0.2325885
0.2320755
0.2442953
0.2072217
0.2550494
0.234511
0.2549066
0.196291
0.4583483
0.4051273
0.1518859
0.1913542
0.1552622
0.3589564
0.2161543
0.1789086
0.2406818
0.2830263
0.2761523
0.3470505
0.2887595
0.348784
0.3488295
0.357219
0.1929217
0.2610963
0.3069674
0.21834
0.2825036
0.2659833
0.2563603
0.3086467
0.1972977
0.2419546
0.2056286
0.2385014
0.2090101
0.1885651
0.202167
0.2377227
0.1864412
0.3309328
0.2344731
0.2125765
0.2113249
0.3222844
0.322926
0.3105079
0.2680563
0.2415167
0.2689655
0.3016794
0.2948335
0.2327519
0.2615187
0.2230359
0.2610026
0.3301807
0.2442986
0.2467634
0.137156
0.1545348
0.4029431
0.228237
0.2990405
0.241333
0.3069867
0.2206244
0.2651614
0.3417404
0.4049915
0.4725203
0.5039148
0.3254725
0.3728658
0.3894937
0.219612
0.2268974
0.2911101
0.2331829
0.2282714
0.200613
0.1919468
0.1511197
0.4491419
0.2776765
0.2492226
0.2760755
0.3996775
0.2691596
0.3569025
0.2475463
0.2083534
0.1782704
0.3413394
0.3364538
0.3117369
0.4162917
0.2111908
0.3068782
0.271456
0.2674036
0.1988409
0.3174303
0.3395178
0.2820021
0.308565
0.2102313
0.2544245
0.232702
0.4327846
0.3514914
0.2165022
0.3145657
0.2946992
0.2924308
0.3616984
0.2696343
0.2443445
0.3033572
0.1860705
0.1810828
0.2609066
0.3045274
0.3252329
0.2109287
0.1990338
0.1495419
0.2798818
0.2575961
0.2297969
0.2843306
0.3971234
0.5423522
0.3024151
0.3422461
0.2610228
0.395755
0.3531562
0.247152
0.2173345
0.3700885
0.2039917
0.1357541
0.2064697
0.2359951
0.1723216
0.1594047
0.1323787
0.1633452
0.1951683
0.1942091
0.2941044
0.2896813
0.2293604
0.2876842
0.1969448
0.2799951
0.3359589
0.3491053
0.3442215
0.3000364
0.3775201
0.3267544
0.2118983
0.2413998
0.391611
0.2097742
0.2663403
0.2402574
0.2223073
0.303654
0.2292615
0.2829546
0.2908012
0.308145
0.2565427
0.2691007
0.350601
0.3362963
0.2077569
0.3725232
0.2203494
0.2390653
0.3113873
0.3418695
0.2323325
0.2451513
0.207194
0.2365401
0.329395
0.2776147
0.2605126
0.3087585
0.3071603
0.2025788
0.3073984
0.4322496
0.4112969
0.3883365
0.2299148
0.263223
0.2931425
0.276225
0.4250548
0.2756736
0.3022453
0.2853362
0.4227524
0.3292891
0.3367585
0.476741
0.3402357
0.2983699
0.4287055
0.353851
0.3032073
0.2688214
0.6491517
0.3045928
0.2210833
0.2505006
0.2726824
0.2554985
0.2665436
0.219278
0.5087708
0.3197214
0.2868365
0.2168905
0.2287287
0.3332253
0.2129012
0.3621396
0.26515
0.3004237
0.1751968
0.1762966
0.2849354
0.3547309
0.2943529
0.3608186
0.2040731
0.3427929
0.3207303
0.4213444
0.164328
0.2841451
0.2530357
0.2978487
0.2203137
0.2032324
0.2914452
0.4567713
0.3028285
0.3045944
0.2943998
0.2590343
0.2640995
0.1639771
0.1531966
0.2611843
0.2717149
0.3804056
0.2637293
0.307035
0.2207087
0.2561314
0.3262378
0.2296487
0.2266318
0.222875
0.2645885
0.223366
0.2770382
0.2676982
0.2686919
0.4058614
0.2943954
0.2311985
0.2495744
0.2674431
0.26621
0.2952754
0.3201889
0.2726111
0.1611157
0.2586862
0.3420942
0.2461069
0.2120251
0.1978415
0.1773636
0.2627959
0.3533773
0.2409257
0.3682174
0.2576708
0.2767883
0.2493021
0.2148858
0.2342115
0.1701019
0.2790247
0.4699387
0.2820213
0.3126995
0.3601043
0.4465709
0.3189805
0.2707887
0.3303565
0.2173427
0.2785932
0.1994073
0.2658919
0.2727386
0.3131703
0.23952
0.2128086
0.2387127
0.1990813
0.2092022
0.3529456
0.401994
0.1977935
0.2052082
0.2285564
0.2770188
0.2092158
0.2946996
0.2470857
0.1751531
0.1699711
0.243848
0.2808075
0.2276006
0.2986682
0.320395
0.2540418
0.1949408
0.2536157
0.2198274
0.2017538
0.303529
0.2266412
0.1846384
0.2376605
0.2319763
0.2518782
0.1830821
0.2694614
0.4411309
0.2631664
0.2631142
0.2936052
0.2336344
0.2841698
0.2540428
0.295704
0.2854542
0.2382773
0.2949217
0.2073006
0.2479108
0.3446338
0.4086681
0.3325816
0.251868
0.2558395
0.2731065
0.2205743
0.2270041
0.2180419
0.2038526
0.2956327
0.3025574
0.1837179
0.3149416
0.2750396
0.3452566
0.3063056
0.3749998
0.3861856
0.3204354
0.4568622
0.3429971
0.2573628
0.1635686
0.2683299
0.3823573
0.5451926
0.3517677
0.2581747
0.2578836
0.3381195
0.4699591
0.2376993
0.4565728
0.2760001
0.3152472
0.5778588
0.1834759
0.3761398
0.3726014
0.2644436
0.3595914
0.4467621
0.4299198
0.3425894
0.2006434
0.1798379
0.2974245
0.2738284
0.2694854
0.3366307
0.3355468
0.3483372
0.2836236
0.4620349
0.2692896
0.288324
0.3455644
0.4066343
0.430598
0.4465754
0.3204509
0.2512644
0.2480276
0.2500194
0.1996996
0.3193413
0.3276758
0.3178841
0.2766304
0.3036004
0.217731
0.2059733
0.280876
0.1661565
0.2560409
0.2153401
0.3198339
0.3676095
0.2537972
0.239283
0.2599728
0.4421624
0.3601679
0.2800709
0.1617391
0.2184438
0.2903233
0.3446192
0.4545712
0.3322658
0.3050002
0.3717319
0.2948834
0.3433587
0.3200068
0.2157783
0.2494182
0.2824858
0.320925
0.3010081
0.3211533
0.4108573
0.3872962
0.3224223
0.2407436
0.3174905
0.3494782
0.3441156
0.1975653
0.3149347
0.4025101
0.3012179
0.3581923
0.245317
0.4055412
0.3546412
0.3364428
0.298321
0.213955
0.1680544
0.338926
0.4075104
0.2056453
0.2542921
0.3795286
0.3078385
0.3006676
0.255325
0.2669673
0.3612066
0.3139982
0.1733056
0.2276787
0.2786507
0.1987667
0.33915
0.3915748
0.3707123
0.3591335
0.3117719
0.1801625
0.2772088
0.4594811
0.2931407
0.3023824
0.5239655
0.4073228
0.2627919
0.3471325
0.2455363
0.2894976
0.417429
0.2678086
0.4196218
0.387272
0.4835061
0.3881979
0.2804703
0.3118007
0.3056737
0.1951921
0.2531149
0.22359
0.261169
0.3730707
0.349848
0.3894738
0.2899059
0.3604436
0.3536585
0.2719992
0.2496313
0.3397346
0.4908706
0.5511544
0.5533304
0.3584176
0.2317677
0.2788305
0.4087701
0.3390688
0.2366903
0.4062658
0.2987391
0.3338175
0.2878228
0.3317643
0.2881808
0.3737782
0.3175172
0.258679
0.3640074
0.4261022
0.4802193
0.258878
0.4005009
0.2765796
0.2667588
0.2520046
0.3305317
0.2564283
0.4310805
0.3396167
0.3031363
0.22725
0.2955508
0.3304924
0.2218454
0.5046595
0.3927595
0.3318491
0.4054682
0.3232077
0.2411854
0.2436815
0.2379044
0.3090279
0.2712047
0.2419517
0.266803
0.1644954
0.2513488
0.4034293
0.2790647
0.3095696
0.2100449
0.2091835
0.2181776
0.3148108
0.3579354
0.4278221
0.2072145
0.2297835
0.2081042
0.179506
0.1924979
0.326002
0.3321603
0.2930098
0.2795753
0.2495877
0.366667
0.4069035
0.3692556
0.3451478
0.2467121
0.2240736
0.3902937
0.2276783
0.2267804
0.2753915
0.173635
0.2135841
0.23136
0.3160658
0.3597909
0.4342553
0.5481415
0.4206106
0.5820738
0.3872604
0.2756445
0.3307796
0.3940026
0.2724386
0.4432374
0.5760468
0.6110314
0.3482037
0.3212433
0.4335814
0.2970038
0.1779
0.265051
0.3580402
0.2647528
0.2551317
0.208447
0.3747154
0.3103181
0.2185299
0.32297
0.2772461
0.348574
0.2465688
0.2740592
0.3278471
0.3303864
0.1945464
0.2579408
0.2950174
0.3842861
0.5286979
0.2692692
0.3302812
0.3096052
0.3269588
0.1834734
0.3195532
0.319402
0.2671718
0.2285925
0.2871279
0.5357233
0.2456252
0.2729307
0.4586994
0.2215082
0.2621865
0.3048113
0.3062689
0.5824768
0.2806314
0.3152642
0.2720471
0.296545
0.2542872
0.3218603
0.3463808
0.2764178
0.4239918
0.3204471
0.3131461
0.3611653
0.399979
0.3146807
0.2793554
0.3617136
0.2881778
0.2416353
0.2263147
0.3262512
0.2349656
0.3171351
0.319756
0.3499851
0.34228
0.3019389
0.3359945
0.3381541
0.2761238
0.3130084
0.2515219
0.4057562
0.366093
0.3421335
0.4303455
0.2418067
0.2564875
0.3228146
0.3321396
0.2219996
0.283522
0.3164132
0.2339716
0.2749977
0.3288342
0.2699591
0.3392401
0.2588389
0.3608074
0.2441727
0.3161594
0.6202411
0.4209592
0.4214233
0.3244794
0.246942
0.3129244
0.3121093
0.2559127
0.2774147
0.1411232
0.33347
0.245335
0.3554251
0.3591707
0.3931069
0.4806166
0.4465322
0.3306794
0.4234923
0.2489746
0.2375997
0.3404857
0.3178688
0.3698839
0.345292
0.2858814
0.257569
0.3333992
0.2893772
0.3511439
0.3353129
0.4226246
0.2965417
0.4840528
0.3360634
0.303644
0.4358995
0.2261473
0.3070873
0.3758991
0.3125388
0.3044455
0.1774525
0.2961682
0.1645106
0.2006387
0.2777397
0.330141
0.2928093
0.2249972
0.3183481
0.3040343
0.209691
0.2467226
0.2296277
0.3337732
0.3000127
0.3323496
0.3676015
0.2597292
0.1839936
0.3097531
0.3216786
0.5100769
0.4946372
0.3600519
0.3327139
0.2458601
0.3578528
0.3520297
0.2440682
0.3858232
0.4181631
0.4280534
0.4055495
0.3571968
0.2944811
0.4085341
0.4516385
0.2840459
0.3884793
0.3214733
0.4050441
0.4037163
0.3354848
0.5624792
0.2691758
0.3505799
0.336617
0.4420708
0.2295491
0.328418
0.3047873
0.1791847
0.263049
0.2038378
0.273674
0.2332714
0.3270442
0.2777046
0.1803189
0.2795682
0.4557155
0.2210673
0.4553083
0.4173981
0.3121766
0.3355439
0.3360504
0.3871392
0.3117842
0.2663105
0.2447981
0.2175403
0.3498265
0.4227974
0.4595448
0.3537257
0.3195858
0.3720061
0.3113359
0.3191066
0.1939011
0.2572842
0.3467075
0.3112966
0.3352764
0.3784545
0.3306396
0.2107162
0.2935477
0.3374499
0.6260386
0.3209719
0.5058985
0.4838907
0.3674448
0.3477508
0.177613
0.3329909
0.3362281
0.2759949
0.4181137
0.3186257
0.2817447
0.3722694
0.3126313
0.3029274
0.2750078
0.2895383
0.3926467
0.4255087
0.3853019
0.2749074
0.3183107
0.4347937
0.3477995
0.5245525
0.3785538
0.5392634
0.4798064
0.4261372
0.2393586
0.3258827
0.3851352
0.305484
0.3616629
0.3093756
0.2998041
0.2429701
0.2624259
0.268078
0.1856275
0.2063
0.418612
0.3830719
0.2812908
0.4276108
0.3399501
0.2873685
0.4520919
0.3060718
0.2347984
0.2648022
0.3625528
0.3227757
0.3383002
0.5042721
0.3426741
0.2311443
0.2175051
0.2833974
0.3426256
0.4364019
0.2849167
0.2756873
0.414103
0.392052
0.3127003
0.5621471
0.3408084
0.4164693
0.2626077
0.3332702
0.3265309
0.1813626
0.2519155
0.2314033
0.2391521
0.2245723
0.3279713
0.302175
0.2578933
0.4286205
0.5769054
0.3845856
0.2484072
0.3381206
0.4330181
0.4801285
0.5868874
0.1902573
0.2718332
0.2804392
0.2007481
0.267852
0.3132893
0.260421
0.2521827
0.3494475
0.3750956
0.2716562
0.4735294
0.3401926
0.3193218
0.3515382
0.3035302
0.345226
0.3587797
0.3185073
0.3839025
0.5624632
0.5427453
0.3468124
0.3395241
0.3436844
0.286233
0.3178843
0.4985175
0.3360069
0.3811786
0.4388383
0.3196992
0.2294962
0.2042794
0.2666366
0.2497472
0.4152582
0.4927741
0.270913
0.2316016
0.2874076
0.3140335
0.4260044
0.3125604
0.3659006
0.2893003
0.3040362
0.1699986
0.259033
0.3910835
0.437044
0.362697
0.3867702
0.6513655
0.2739107
0.2833955
0.3549877
0.2712998
0.3314094
0.2037089
0.2911611
0.3164109
0.2377117
0.3075669
0.2600981
0.2726412
0.320087
0.2975439
0.1756426
0.3423779
0.3955461
0.2338328
0.1842114
0.3460024
0.3530137
0.208882
0.3274289
0.4528949
0.3606276
0.2443738
0.2102052
0.2949616
0.3867851
0.2653288
0.4723294
0.3607686
0.2595712
0.2660051
0.4023591
0.2542483
0.34792
0.3140136
0.342843
0.2544049
0.2772463
0.3207327
0.2712271
0.2720288
0.2023999
0.3051103
0.2776247
0.3092551
0.2967345
0.3210688
0.255908
0.375188
0.3586035
0.3755801
0.3263713
0.3109994
0.2930519
0.3976964
0.2758992
0.3102177
0.2602188
0.2273029
0.2879077
0.3969924
0.2965491
0.2503609
0.2839942
0.3620808
0.3339535
0.2658324
0.3430249
0.4320918
0.4581915
0.4849983
0.3034294
0.2386892
0.2405396
0.3174091
0.3053517
0.3101865
0.2128926
0.3606293
0.2728043
0.6215803
0.536763
0.4377357
0.3018797
0.3367666
0.2566521
0.3142029
0.2100704
0.22751
0.198609
0.2095182
0.3899093
0.4564711
0.2071653
0.2996093
0.305771
0.3126899
0.2155066
0.3750662
0.4199278
0.4006899
0.2472785
0.2669886
0.319294
0.2146056
0.2267645
0.3006308
0.2822731
0.2647312
0.2670396
0.2970249
0.4467542
0.4164698
0.2394037
0.2303347
0.3491592
0.4470534
0.2678782
0.3253679
0.2550234
0.4440096
0.2399949
0.2335954
0.2599176
0.5900469
0.3003144
0.4254906
0.4925223
0.2287831
0.2990354
0.2899751
0.3138665
0.4116542
0.2184703
0.390725
0.3729179
0.3807234
0.3527869
0.369934
0.4816697
0.2524304
0.2229029
0.2696428
0.2895588
0.3131716
0.2861417
0.2145139
0.1794249
0.2922282
0.4181555
0.4572166
0.3977696
0.3758715
0.1607412
0.341309
0.2336851
0.2766614
0.2498514
0.2522368
0.3853283
0.3856528
0.3271962
0.392854
0.3762722
0.4917736
0.3347341
0.3301282
0.3659653
0.3365191
0.3061474
0.3017005
0.4634053
0.3827905
0.3018954
0.414606
0.2597183
0.3541794
0.2936888
0.3735699
0.2813107
0.4499556
0.2544338
0.2780005
0.4050361
0.5259455
0.2907625
0.3136444
0.397487
0.354785
0.3371463
0.2761828
0.3011109
0.3908377
0.357838
0.2634676
0.3799501
0.5597534
0.3527293
0.3003562
0.2792602
0.2865579
0.2896487
0.2242797
0.2193496
0.2276882
0.3403779
0.2905228
0.2654845
0.2324775
0.1947126
0.2803208
0.3083842
0.3952098
0.2921802
0.2396321
0.2882619
0.277523
0.3641949
0.3316724
0.3159334
0.2104044
0.1938348
0.2657152
0.2429019
0.2958697
0.3148282
0.263888
0.2921042
0.3337227
0.1683897
0.1952209
0.1638291
0.2574272
0.3208625
0.3733809
0.2872895
0.4882277
0.2379861
0.3283433
0.2677492
0.3382885
0.4073124
0.4001097
0.2809276
0.3606037
0.3472777
0.3639707
0.2397951
0.2818424
0.2873086
0.281118
0.3227863
0.2334031
0.3542021
0.345938
0.3520909
0.5393321
0.3774828
0.3084208
0.4149424
0.2953045
0.2859436
0.3509547
0.3878105
0.3939645
0.3703244
0.3212821
0.3370949
0.2674415
0.4146939
0.2843698
0.3251655
0.277244
0.4534706
0.2331789
0.2155601
0.2163216
0.2530236
0.396277
0.429598
0.2651446
0.2768136
0.2977953
0.3172929
0.4113092
0.3683336
0.3094579
0.2200127
0.2103068
0.3610145
0.3036596
0.3836225
0.4587318
0.3667896
0.339622
0.2266772
0.293051
0.3455179
0.2849368
0.2675712
0.2679089
0.2628493
0.2189947
0.3168117
0.3341361
0.5852483
0.3043939
0.3936934
0.2661913
0.3713639
0.3883163
0.4011416
0.269141
0.3072193
0.1373175
0.2734926
0.3399424
0.3138032
0.3743112
0.3124943
0.3309561
0.405988
0.3798258
0.3001545
0.3175734
0.299556
0.2505298
0.2686025
0.2735887
0.2482127
0.3728503
0.2765992
0.3012586
0.4025158
0.2440442
0.2088828
0.220796
0.4226591
0.2539796
0.488086
0.3824582
0.3477949
0.3442578
0.4798311
0.45814
0.2592836
0.2291736
0.2177529
0.3426745
0.3310701
0.3106621
0.2760983
0.3647643
0.5860248
0.2021743
0.2714498
0.2998121
0.2977355
0.2505916
0.2715414
0.2328096
0.5241468
0.4183821
0.3277142
0.3768764
0.3679176
0.1771866
0.2234142
0.2296012
0.2969698
0.2903104
0.441391
0.3196866
0.2495432
0.3828128
0.2517204
0.2520484
0.2508924
0.3433793
0.2310871
0.2029556
0.3523151
0.2977512
0.2681632
0.3404478
0.4099164
0.28668
0.3017811
0.1769609
0.2143955
0.2672334
0.3632956
0.4979988
0.4496483
0.2807213
0.3249643
0.2484437
0.334677
0.337954
0.2713346
0.4058849
0.3822386
0.2062093
0.3568723
0.3967835
0.3138255
0.3117422
0.4368601
0.3854707
0.3469211
0.4138698
0.6163588
0.3500196
0.3112369
0.2757096
0.3821931
0.3089948
0.3402644
0.2480918
0.2370005
0.2853229
0.2910077
0.3760769
0.3296337
0.1653962
0.2671967
0.2831614
0.3509261
0.251544
0.2407906
0.2244952
0.4847047
0.3892224
0.2841607
0.2605165
0.4015323
0.4336012
0.4561754
0.2328004
0.2987194
0.3256927
0.3045153
0.2689236
0.1817923
0.2369815
0.2873556
0.2235997
0.2768425
0.3083529
0.2948649
0.2819158
0.3338476
0.3392913
0.2974565
0.378302
0.2113343
0.2430513
0.3262091
0.2184663
0.2444881
0.3123202
0.3412097
0.5101505
0.4761181
0.2545441
0.2338412
0.30883
0.2721874
0.3226158
0.2279221
0.3123885
0.3825162
0.2955681
0.2187806
0.2664321
0.3945756
0.351732
0.255935
0.197647
0.2708945
0.1880322
0.298874
0.3626022
0.2055298
0.3142608
0.2657957
0.3234722
0.4707669
0.4621451
0.3418653
0.4780659
0.2990639
0.2747233
0.2419431
0.3469628
0.3202937
0.2863515
0.3235401
0.2218988
0.4182836
0.2787506
0.3729546
0.3520059
0.3920148
0.471408
0.3825589
0.5041841
0.2393176
0.3534122
0.2985484
0.266996
0.2769295
0.2510897
0.3038852
0.3086057
0.239703
0.3791264
0.3292852
0.2159518
0.4330966
0.3270701
0.2605314
0.2050205
0.2291294
0.3650055
0.2202105
0.3067685
0.322234
0.2014446
0.2894342
0.6070936
0.4202108
0.4952097
0.6969967
0.5345447
0.2291041
0.3220307
0.245353
0.2968357
0.2822151
0.3834188
0.3687821
0.3893429
0.3959504
0.2777559
0.2299477
0.336058
0.378585
0.3790234
0.3254883
0.2360052
0.2536821
0.3719656
0.2891632
0.1869705
0.20111
0.3013922
0.3191602
0.2221422
0.2176797
0.3860327
0.5981284
0.278997
0.2563512
0.5461595
0.3502451
0.2625349
0.3916958
0.333911
0.3145542
0.2867071
0.3327303
0.2106445
0.2337267
0.2696646
0.3302681
0.4194144
0.2360842
0.3005838
0.2688725
0.2228021
0.2882736
0.2635943
0.3101535
0.4467031
0.3779018
0.4477611
0.2642961
0.3739866
0.3604795
0.3495388
0.3071482
0.1977496
0.2414515
0.4128166
0.2848036
0.3559938
0.3677216
0.5315067
0.3763205
0.3950096
0.2514974
0.1998741
0.2116846
0.2823364
0.3183962
0.2846
0.3102723
0.4142989
0.4999705
0.393651
0.2489481
0.2360752
0.4084198
0.3114406
0.4068533
0.260124
0.3077535
0.3466118
0.2734527
0.2754744
0.3759197
0.247328
0.2855854
0.3160855
0.3061441
0.2114531
0.1462775
0.2274206
0.2929172
0.2542213
0.3273282
0.3471421
0.3763342
0.3249923
0.3954372
0.3669376
0.3164727
0.3279099
0.3403335
0.3008723
0.2384578
0.3882307
0.3245644
0.2782493
0.4329458
0.2930279
0.3075995
0.2427185
0.3026595
0.3135203
0.1988888
0.2877957
0.1647827
0.3737005
0.2635035
0.3324249
0.2819431
0.2201429
0.4862924
0.3828041
0.3655879
0.2716112
0.3998102
0.3548473
0.3509119
0.2881186
0.1753556
0.232017
0.4358577
0.3474229
0.2700573
0.3656705
0.2684786
0.2464547
0.4318394
0.3658377
0.5829042
0.3298394
0.2936146
0.2227673
0.2653798
0.2866645
0.1925402
0.2541736
0.2563738
0.2197672
0.3599842
0.3543377
0.5188509
0.4575954
0.2311168
0.2583366
0.2361337
0.3747074
0.239609
0.1907039
0.1781103
0.3110993
0.2905653
0.2923639
0.2876742
0.1714266
0.3218655
0.2966557
0.3570528
0.2629161
0.4294535
0.3071663
0.2923113
0.3569352
0.3254048
0.2528091
0.4391592
0.3537327
0.3859028
0.3979989
0.3426809
0.5085793
0.2208311
0.248963
0.2660696
0.4066515
0.3158069
0.3155203
0.4090387
0.23499
0.3335829
0.247889
0.4279164
0.2534157
0.4346839
0.2802219
0.3079812
0.3857861
0.3064815
0.3157799
0.3187562
0.3951256
0.2566557
0.270272
0.1881659
0.2489398
0.2619691
0.2409675
0.235114
0.2851863
0.1963233
0.2493367
0.4111174
0.2739062
0.2617127
0.2857429
0.2759274
0.2658259
0.2677822
0.2826315
0.2535008
0.2401997
0.2659406
0.3558396
0.238872
0.2919346
0.5981173
0.3229585
