3.433667
3.436922
3.54037
3.607273
3.687741
3.429218
3.551666
3.50048
3.356237
3.406319
3.29686
3.258269
3.245257
3.177824
3.365388
3.146845
3.100821
3.301068
3.253471
3.340257
3.238672
3.203379
3.164966
3.356251
3.340817
3.464486
3.442443
3.048346
3.219387
3.069605
3.078754
3.046703
3.0498
2.890573
3.043113
3.202204
3.055441
3.143879
3.111449
3.171009
3.357074
3.301795
3.265828
3.178979
2.930453
2.854352
3.021233
2.79508
2.999322
2.715492
2.541062
2.520428
2.440462
2.372288
2.458547
2.46649
2.697843
2.610476
2.590853
2.473096
2.417753
2.375864
2.505151
2.284302
2.436365
2.515878
2.629643
2.704301
2.620783
2.694498
2.520366
2.382545
2.099716
2.114397
2.481442
2.808958
3.109839
2.832981
2.787161
2.905092
2.852199
2.539079
2.411612
2.392241
2.173842
2.194435
2.507734
2.487707
2.396523
2.432975
2.541858
2.545839
2.621703
2.600219
2.841109
2.74728
2.693612
2.573419
2.247608
2.228827
2.190767
2.233743
2.189688
2.200676
1.963105
1.693933
1.582943
1.397306
1.101265
1.071103
1.203565
1.276224
1.387098
1.387426
1.510222
1.451656
1.590383
1.647493
1.564755
1.80998
1.827667
1.997232
1.878379
2.136632
2.153334
2.312999
2.489495
2.640449
2.60813
2.504104
2.450022
2.443374
2.326412
2.409678
2.286956
2.279334
2.225677
2.169998
2.400129
2.505828
2.853146
3.08496
2.95064
3.152722
3.146259
3.042938
3.210647
3.356844
3.334105
3.444261
3.561059
3.897724
3.562058
3.572178
3.558982
3.648553
3.569811
3.731278
3.876802
3.899725
4.016689
4.095155
4.193578
4.127831
4.295296
4.069697
4.001094
4.20209
4.514702
4.42101
4.418459
4.250303
4.135577
4.108998
4.257639
4.142654
4.09678
4.006509
3.958232
3.859055
3.790218
3.91874
3.851289
3.999451
4.184598
4.204731
4.158902
4.142154
4.659113
4.807462
4.949054
5.080922
5.048563
5.15173
5.184058
5.085317
4.947628
5.144871
5.190562
5.25869
5.486329
5.484962
5.503275
5.779266
5.782205
5.84854
6.016854
5.964312
5.680734
5.802364
5.683502
5.521851
5.494987
5.596088
5.585994
5.496612
5.620701
5.753381
5.667252
5.589562
5.630075
5.659625
5.807761
6.125509
5.683213
5.442706
5.363646
5.483188
5.086242
5.060431
4.974428
5.255818
5.531644
5.47933
5.506727
5.596686
5.56803
5.675727
5.632199
5.547946
5.68128
5.77124
5.653885
5.830773
5.71956
5.68452
5.777705
5.553233
5.282746
5.18332
5.087803
5.025101
5.035359
5.097405
5.489096
5.30863
5.512785
5.30994
5.251523
5.185731
5.315075
5.16074
5.209085
5.325359
5.271845
5.269642
5.084562
5.114374
4.90953
4.920929
4.707019
4.549134
4.721472
4.727248
4.526882
4.591561
4.663652
4.566699
4.537394
4.489035
4.503208
4.331933
4.220238
4.122689
4.105966
4.340386
4.395863
4.489793
4.680069
4.390791
4.364657
4.121476
4.156893
4.011758
3.958756
3.980374
3.512339
3.863286
3.962944
4.344342
4.299787
4.028801
4.117164
3.991275
3.8531
3.840307
3.943681
3.977569
3.839262
3.869957
3.743833
3.80751
3.889636
3.840373
3.749938
3.723081
3.752478
3.985842
3.829599
3.804047
3.776366
3.908046
3.614832
3.49954
3.125934
3.105402
2.987924
3.228783
3.497237
3.361322
3.484878
3.501305
3.794357
3.845269
3.796337
3.645826
3.667522
3.949818
3.959603
4.06799
4.077905
4.311194
4.386263
4.314286
4.040185
3.957946
3.784376
3.740429
4.047626
4.288066
4.303745
4.425797
4.480163
4.101523
3.934378
4.251021
4.139969
4.09054
3.973163
4.072271
4.003596
4.031022
4.185322
4.220587
4.167223
3.889772
3.871309
3.674127
3.686756
3.672783
3.700811
3.69561
3.602032
3.672961
3.863211
3.881757
3.849753
4.113182
3.998939
4.193811
4.139607
4.032827
4.095227
4.238445
4.055049
4.481386
4.29775
4.186242
4.222095
4.151366
4.264522
4.52226
4.651272
4.573955
4.607084
4.647604
4.450766
4.433697
4.323573
4.413404
4.539256
4.49363
4.416954
4.489239
4.523021
4.560209
4.538227
4.311193
4.286163
4.193136
4.288347
4.299743
4.209805
4.34701
4.040514
3.926083
3.973136
3.870238
3.977105
4.159088
4.509401
4.515331
4.592242
4.770728
4.474622
4.561342
4.634534
4.44665
4.349456
4.19337
4.046557
4.217634
4.351311
4.193842
4.207286
4.081891
3.96384
3.791789
3.768579
3.609296
3.472821
3.483573
3.429991
3.450621
3.475752
3.371914
3.124706
3.197324
3.108258
3.101793
3.052662
3.0884
3.146516
3.168889
3.176904
3.263349
3.169091
3.024443
3.20039
3.154505
3.259518
3.361055
3.147011
3.372944
3.43665
3.41585
3.260554
3.186002
3.230213
3.112049
2.990359
2.858751
2.794696
2.635794
2.397519
2.561468
2.302918
2.224202
2.331543
2.231933
2.263493
2.289934
2.054503
2.087579
2.186977
1.866513
1.762262
1.924723
1.630445
1.818612
1.92668
2.21675
2.349835
2.143385
1.87724
1.94462
1.892932
2.038357
2.235599
2.076745
2.19034
2.28651
2.271032
2.252935
2.04891
2.10119
2.094536
2.333347
2.269594
2.454006
2.471297
2.813173
2.710992
2.847301
3.080802
3.150561
3.006277
2.97096
3.014219
3.160506
3.144759
3.43108
3.490007
3.510258
3.685529
3.964762
3.997847
3.981517
4.222762
4.201158
4.24504
4.442418
4.436026
4.315906
4.465356
4.725405
4.750247
4.660959
4.753901
4.738965
4.802052
4.802331
5.007805
4.832337
4.685916
4.633579
4.666344
4.641667
4.54745
4.588423
4.640707
4.600516
4.714749
4.756971
4.832961
4.748919
4.34483
4.404768
4.683215
4.71615
4.678988
4.728708
4.878426
4.697733
4.636982
4.558108
4.32034
4.387961
4.184319
3.806477
3.97392
4.118825
3.732387
3.678196
3.609146
3.760767
4.140878
3.989354
4.027639
4.093588
3.978404
3.930156
3.868699
3.827808
3.601155
3.713464
3.759898
3.69017
3.73962
3.563512
3.264107
3.386817
3.381829
3.19679
3.100427
2.834049
2.880293
3.052769
3.021748
3.112777
3.293139
3.460485
3.536584
3.486036
3.449739
3.581011
3.774254
4.131655
4.277092
4.136785
4.160619
4.154606
4.05278
4.017407
3.681948
3.517376
3.759553
4.00327
4.111321
4.199694
4.457004
4.633817
4.823493
4.836116
4.970787
4.940482
4.821323
4.621751
4.5118
4.269992
3.992577
4.097994
3.918614
3.784961
3.65777
3.71717
3.745268
3.739911
3.793787
3.787293
3.816118
3.651422
3.732687
3.766155
3.64342
3.917676
4.131715
3.821888
4.049452
4.00715
4.006151
3.986498
3.925188
3.828384
3.840812
3.832813
3.975673
3.925796
3.619733
3.697513
3.795746
3.841952
4.079563
4.038817
3.948001
3.632321
3.656398
3.822771
3.917778
3.68526
3.464459
3.2265
3.294368
3.345845
3.640995
3.709306
3.480507
3.442624
3.585666
4.006756
4.119804
3.839089
3.376752
3.223881
3.488421
3.396421
3.571338
3.519942
3.458657
3.486179
3.515299
3.569823
3.851904
3.820039
3.874662
3.700196
3.870272
3.54871
3.443447
3.594521
3.518881
3.819619
3.821938
3.79831
3.952532
3.548276
3.507834
3.717869
3.830614
3.765481
3.686282
3.581215
3.551281
3.798477
3.708647
3.431001
3.258579
3.125959
3.236608
3.346009
2.976072
2.866103
2.771034
2.67393
2.796491
3.134366
3.427249
3.450187
3.280163
3.107477
3.058514
3.001058
3.0573
3.10048
3.410051
3.419004
3.659815
4.032045
3.970373
3.702714
3.634209
3.333347
3.651123
3.617597
3.440736
3.274394
3.391034
3.277274
3.53953
3.571701
3.20946
3.454437
3.121706
3.170844
3.298064
3.276559
3.268236
3.006703
3.043895
2.967329
3.168011
3.149756
2.987233
3.069255
3.45265
3.358168
3.197927
3.255735
3.49557
3.54566
3.769656
3.656571
3.703656
3.824746
3.87817
3.806752
4.026047
4.170073
3.959905
3.845
3.779783
3.884823
3.496049
3.076481
3.301717
3.136419
3.309522
2.973617
3.159615
3.20215
3.119664
3.001343
2.814564
2.715774
2.677864
2.841555
2.865316
3.138855
3.273322
3.154986
3.347559
3.481951
3.411557
3.580954
3.577577
3.71771
3.433227
3.460288
3.559404
3.582486
3.638236
3.486211
3.234482
3.50889
3.465281
3.507171
3.512691
3.533914
3.346047
3.474141
3.460307
3.190446
3.345734
3.243683
3.33828
3.343878
3.53779
3.488298
3.402635
3.558632
3.788309
3.497069
3.32721
3.396989
3.261706
3.15266
3.56094
3.667589
3.298268
3.329463
3.283019
3.123323
3.26202
3.075455
2.857802
2.716617
2.718192
2.637115
3.089459
3.186682
3.2514
3.21843
2.962383
2.801169
3.015995
3.314935
3.467003
3.27241
3.375071
3.417645
3.624402
3.474281
3.702354
3.770966
3.741933
4.021523
3.983113
3.996625
4.175443
3.847386
3.806274
3.635093
3.80427
3.776205
3.909146
3.999454
4.186709
4.172387
4.11367
4.243798
4.097723
3.941796
3.975723
4.114605
4.073837
4.269415
4.036335
4.052774
3.9828
4.220258
3.959595
3.876375
3.545709
3.661262
3.757099
3.432482
3.51897
3.519454
3.445912
3.54155
3.786327
3.824893
3.790219
3.695683
3.717612
3.857923
3.995533
4.005232
3.927702
3.688996
3.907776
3.924908
3.827743
3.949671
3.945136
3.541083
3.483744
3.601961
3.566561
3.784452
3.897432
3.839771
3.919809
3.984654
3.879371
3.943291
3.802607
3.598395
3.809042
3.783439
3.496453
3.493622
3.529904
3.618818
3.637352
3.821849
3.973345
4.113501
4.057459
3.982774
4.080918
3.917351
4.285789
4.693066
4.506472
4.524912
4.111798
4.348185
4.458819
4.490257
4.322354
4.156634
3.884377
4.026929
4.451431
4.455137
4.298987
4.263477
3.937623
3.915505
4.098023
3.88665
3.9168
4.120998
4.360481
4.29134
3.967108
3.919959
3.792322
4.066284
3.87127
4.060306
4.099665
4.091794
3.92786
3.934003
4.119652
3.972594
4.114573
4.11239
4.530863
4.890216
4.582324
4.377113
4.257695
4.229791
4.300801
3.940238
4.024844
4.026479
3.935677
3.728649
3.547442
3.257192
3.304427
3.095599
2.931788
2.953262
3.036437
3.200916
3.126856
3.10255
3.189589
3.259845
3.169843
2.823285
3.040625
3.121949
2.854712
3.043428
3.037472
3.039384
2.921051
2.886931
3.142837
3.465116
3.559219
3.495607
3.361452
3.673586
3.782499
3.586801
3.468014
3.151916
3.195306
3.124202
3.101845
3.05491
3.089518
3.238452
3.152666
3.426474
3.668113
3.675994
3.393754
3.297387
3.383979
3.418621
3.391033
3.157158
3.333629
3.048907
3.323859
3.428355
3.207244
3.208708
3.344796
3.762379
3.870824
3.684818
3.65555
3.722608
3.9596
4.185738
4.189723
4.274966
4.166873
4.180635
4.191487
4.052544
3.739263
3.598105
3.670621
3.757978
4.059625
3.905386
3.746735
3.672039
3.459743
3.660903
3.64269
3.876975
3.834411
3.873452
3.796737
3.689069
3.668313
3.701716
3.723774
3.740631
3.550264
3.460239
3.369804
3.516483
3.738988
3.677564
3.508934
3.454762
3.811278
4.12631
4.214797
4.050428
3.934853
3.721154
3.640363
3.727646
3.347724
3.53975
3.520299
3.388839
3.23979
3.338785
3.319787
3.115205
3.123825
3.045757
2.862705
2.854802
2.677255
2.746282
2.668808
2.556659
2.444218
2.624028
2.889569
3.271637
3.08187
2.837022
3.013147
2.997699
3.134466
3.420898
3.327033
3.374006
3.250121
3.511335
3.568732
3.683187
4.06023
4.377985
4.277391
4.495335
4.53125
4.498937
4.296105
4.521478
4.444265
4.666153
4.695151
4.66857
4.491881
3.993213
3.652375
3.560581
3.655119
3.866964
4.042264
3.873572
3.56887
3.331789
3.141026
3.168228
3.152064
3.162496
3.435158
3.559039
3.555616
3.709813
3.771659
3.66355
3.482524
3.550086
3.91331
4.305231
4.197393
4.668608
4.61435
4.650131
4.875058
5.178876
4.92287
4.87494
4.898768
5.048241
4.934671
4.931136
4.947891
4.832786
4.667555
4.46173
4.392469
4.385002
4.289784
4.161728
4.065431
4.148933
4.225817
4.389981
4.045462
4.01126
4.072434
4.111198
4.037905
4.079888
4.143626
4.211621
4.459487
4.376795
4.285301
4.392784
4.333126
4.458947
4.603115
4.580104
4.355984
4.398236
4.479579
4.659368
4.73029
4.584005
4.428861
4.686017
4.737029
4.769684
4.676114
4.704113
4.705432
4.724071
4.538344
4.613057
4.78997
4.570377
4.242318
4.036589
4.191028
4.204627
4.31387
4.512653
4.348867
4.476793
4.29781
3.899877
3.854162
4.024839
3.992552
4.005653
3.849477
4.161549
4.177236
3.87149
3.671607
3.263533
3.302658
3.197667
3.07779
3.061161
2.88432
3.167747
3.435145
3.339641
3.552778
3.794576
3.743328
3.801179
3.75614
3.848149
3.746771
3.860151
3.912821
4.147229
3.932928
3.830126
3.926341
3.904205
3.806141
3.600568
3.777321
4.199838
4.304277
4.2809
4.416404
4.412424
4.165746
4.043334
4.062124
4.123929
4.250493
4.196843
3.963309
3.828979
3.769761
3.829458
3.858434
3.851684
3.774354
3.702357
3.603487
3.583467
3.629773
3.667835
3.772811
3.952413
3.907823
3.633445
3.889684
4.006719
4.005823
4.112701
4.125377
3.650934
3.777495
3.760212
4.194306
4.268456
4.209997
4.066732
4.045843
4.244575
4.184119
4.409651
4.317183
4.478596
4.49298
4.575231
4.448775
4.318068
4.090039
4.193658
4.090285
3.956087
3.840748
4.100142
4.228943
4.242493
4.441893
4.313429
4.538007
4.529394
4.490204
4.471311
4.186642
4.184248
4.406297
4.547731
4.326978
3.998611
3.916667
4.028932
4.146665
4.03481
3.91988
4.097951
3.932707
3.83141
3.974159
4.337684
4.36293
4.324894
4.285026
4.249593
4.301616
4.103031
3.543818
3.302383
3.360124
3.232919
3.438675
3.545721
4.035411
3.95513
3.838293
3.91846
3.953915
3.921373
3.973319
3.889251
3.673562
4.018093
3.928336
3.803832
3.815506
3.714383
3.660787
3.749212
3.866255
4.131796
4.324768
4.424882
4.377633
4.354291
4.100173
4.037167
3.981177
3.840083
3.841312
3.57603
3.790109
3.681238
3.67995
3.669946
3.524477
3.518325
3.66713
3.944469
4.09001
3.92772
3.796034
3.634398
3.576861
3.524085
3.390311
3.301373
3.508151
3.631414
3.763045
3.869349
3.879802
4.015417
4.205408
4.166882
4.40839
4.225406
4.061878
3.973383
4.160014
4.103957
4.26168
4.094664
4.227264
4.240339
4.314457
4.062406
3.950667
3.960888
3.901319
3.930632
3.727187
3.63495
3.694788
3.93229
3.705379
3.767277
3.682897
4.069606
4.256972
4.377639
4.260921
4.213265
4.446244
4.340027
4.418326
4.369496
4.496996
4.425921
4.449014
4.523498
4.327031
4.220656
4.438773
4.536924
4.590054
4.751661
4.998438
4.815278
4.601098
4.581358
4.67322
4.552336
4.652897
4.610206
4.748882
4.526129
4.621027
4.54551
4.614701
4.573409
4.80482
4.366958
4.436788
4.25878
4.145583
4.140582
4.143384
4.082383
4.210312
4.342291
4.210053
4.175213
4.398603
4.437461
4.184485
3.982441
3.921697
3.746254
3.798524
3.781274
3.929673
3.365401
3.395013
3.484593
3.417165
3.455756
3.692074
3.563377
3.442083
3.38577
3.380153
3.280865
3.356128
3.363101
3.33912
3.339669
3.29398
3.217315
3.418525
3.343285
3.498077
3.440973
3.168745
3.139657
2.980061
2.984011
2.960661
2.699732
2.575158
2.695761
2.823172
2.773641
2.472784
2.511372
2.461191
2.745705
2.568669
2.524361
2.628831
2.63223
2.567606
2.795258
2.839795
2.825708
2.825133
3.045031
2.819529
2.840591
2.886258
2.842194
2.798689
3.229771
3.494983
3.798351
3.822783
4.014908
4.081299
3.991315
3.664717
3.731046
3.899145
3.563557
3.481264
3.596977
3.513903
3.622131
3.540143
3.497064
3.599585
3.349529
3.236516
3.234258
3.101337
3.275595
3.229646
3.075182
3.021468
3.022678
3.442395
3.265547
3.218992
3.128107
3.124283
3.199183
3.195665
3.352907
3.407194
3.322472
3.524445
3.842343
4.014677
4.102438
4.032952
3.817315
3.621649
3.749615
3.838312
4.120399
4.516086
4.594325
4.761652
4.5939
4.342781
4.257595
4.476353
4.30436
4.356158
4.22968
4.344636
4.534649
4.699616
4.511413
4.588879
4.622013
4.89577
5.007755
4.829344
4.945668
4.579788
4.641237
4.605719
4.70984
4.749048
4.879399
4.84806
4.753315
4.738561
4.395898
4.283721
4.219878
3.820881
3.722279
3.537528
3.342288
3.255725
3.29452
2.971679
2.811739
2.653869
2.822085
2.741608
3.02903
3.241183
3.423336
3.366019
3.074825
3.255659
3.21968
3.056866
2.92538
3.380532
3.443352
3.79491
3.985639
3.923861
4.121399
4.258041
4.608738
4.513776
4.295739
4.412665
4.563506
4.9064
5.204
5.136911
5.353021
5.319334
5.11604
4.918587
4.815174
4.739052
4.553696
4.571038
4.519487
4.184175
3.930953
3.901037
3.716632
3.800267
3.762486
3.768179
3.538994
3.61911
3.586134
3.768485
3.973772
3.960971
3.835393
3.678734
3.809297
3.782357
3.829703
3.780738
3.711913
3.627936
3.559561
3.694885
3.523878
3.56324
3.774537
3.682282
3.673089
3.797463
3.790912
4.059054
4.057039
3.941807
3.792267
3.805047
3.929614
3.631576
3.791399
3.886604
3.755414
3.461981
3.701017
3.900594
3.860215
3.953184
3.637785
3.761613
3.540333
3.40003
3.551868
3.669281
3.761811
3.856639
3.64262
3.773693
3.576672
3.510511
3.596042
3.759093
4.086827
4.034353
4.237104
4.18845
4.11655
4.10315
3.741467
3.733673
3.585299
3.56786
3.568218
3.423692
3.182809
3.255622
3.167141
2.999548
2.967524
2.861588
2.804917
2.939845
3.024801
2.779831
2.790956
3.028486
2.834039
2.790022
3.121483
3.173978
3.063577
2.83059
2.934858
2.954518
3.222975
2.91365
3.221414
3.314649
3.445215
3.428622
3.545578
3.423387
3.454719
3.535527
3.589484
3.371324
3.321968
3.075881
3.277911
3.396484
3.190417
3.227639
3.016201
3.09602
3.4083
2.911179
3.206228
3.268687
3.352551
3.274467
3.28934
3.405297
3.565114
3.718868
3.631113
3.746965
3.804234
3.66255
3.470032
3.755371
3.693281
3.894062
3.929616
3.804918
3.874398
3.685685
3.646065
3.658373
3.357919
3.419886
3.30937
3.34922
3.336631
2.739513
2.649773
2.330544
2.30836
2.53517
2.268254
2.16488
2.224588
2.182974
2.516005
2.562046
2.465652
2.294402
2.708196
2.909474
3.07365
3.006379
2.907991
2.979656
2.769884
3.047053
3.319951
3.370025
3.535065
3.487667
3.478162
3.164581
3.367843
3.193423
3.385685
3.248738
3.385509
3.530364
3.55165
3.471738
3.162243
3.330965
3.604823
3.696184
3.705559
3.78129
3.675682
3.669848
4.021767
3.874831
4.035587
4.37571
4.307141
4.364515
4.324645
4.100058
4.180394
4.530505
4.13496
4.058073
4.119456
4.275725
3.994898
3.809327
3.851988
3.875968
3.859364
3.766541
4.038151
3.639226
3.464089
3.40113
3.100057
2.982972
2.893403
2.823319
2.895958
2.800246
2.407231
2.221089
1.91592
1.997739
2.182973
2.524636
2.578974
2.560915
2.390682
2.193635
2.234196
2.256611
2.452668
2.611669
2.478469
2.302566
2.361352
2.142958
2.256553
2.329663
2.679265
2.835574
2.790979
2.953934
3.135259
3.176965
3.260869
3.202069
3.325389
3.489342
3.562437
3.707588
3.676266
3.868688
3.704464
3.685646
3.731986
3.614705
3.722707
3.680873
3.723809
3.492074
3.489662
3.326155
3.262777
2.998584
2.865783
2.898398
3.059631
3.207352
2.933258
2.782576
2.595214
2.622123
2.644724
2.891953
3.125362
3.139916
2.984152
3.244645
3.260199
3.240975
3.570492
3.562075
3.482902
3.304579
3.197604
3.011463
2.769364
2.957778
2.909373
3.236534
3.611173
4.007928
3.953156
4.034504
4.111218
4.060233
3.942479
4.011797
3.738082
3.58561
3.560627
3.688786
3.594088
3.744713
3.798247
3.641958
3.578765
3.722282
3.720138
3.915875
3.719521
3.628383
3.550729
3.328823
3.319756
3.452638
3.470247
3.718728
3.834235
3.602887
3.834753
3.811343
4.009518
4.023153
4.123085
4.344435
4.788198
4.615127
4.40605
4.552724
4.37278
4.091161
4.187425
3.869027
3.950354
3.865068
4.046801
3.541573
3.384788
3.32428
3.431836
3.279772
3.123697
2.848088
2.95227
3.314941
3.535289
3.450028
3.460967
3.415153
3.389697
3.76594
4.100733
4.342415
4.528762
4.311081
4.589961
4.784782
4.909491
4.679073
4.769876
4.774247
4.640935
4.826897
4.891797
4.878977
4.902638
4.8382
5.016164
4.849041
4.684487
4.622859
4.493182
4.209213
3.870444
4.176101
4.02573
3.955529
3.788691
3.578098
3.851069
4.142828
4.105944
4.039898
4.230964
3.856974
3.651935
3.918948
4.025233
3.884078
3.863389
4.196217
4.267645
3.947399
3.788104
3.767105
3.526122
3.371777
3.537156
3.356576
3.348987
3.512149
3.588077
3.682606
3.849259
3.807838
3.458969
3.668956
3.771529
3.653403
3.241708
3.435661
4.030449
4.081698
4.223738
4.271761
4.224568
4.357957
4.293685
4.074658
3.986468
4.015809
4.120857
3.778086
3.509739
3.602161
3.549018
3.648962
3.485417
3.334534
3.386815
3.370687
3.430758
3.391683
3.07593
3.019841
2.846218
2.593441
2.894807
3.093973
3.2756
3.289213
3.347988
3.25813
3.302591
3.25246
3.352078
3.433284
3.594215
3.70612
3.698952
3.501906
3.437193
3.418813
3.533834
3.401892
3.490026
3.481664
3.592364
3.692394
3.736453
3.573039
4.073999
4.21821
4.247513
4.116226
4.183331
4.039447
3.999154
3.983387
3.700155
3.583427
3.484977
3.537869
3.474064
3.768783
3.514538
3.559177
3.536984
3.732637
3.945062
3.770169
3.957956
4.31075
4.153153
4.069391
4.054239
3.876446
3.711046
4.082688
4.015452
3.746347
3.656786
3.4553
3.220249
3.34096
3.264278
2.970242
2.674654
2.685571
3.025634
2.923191
3.101212
3.107427
3.125737
3.48393
3.214653
3.192552
3.384006
3.440319
3.872992
3.941541
3.940066
4.050451
3.9137
3.884269
4.120795
4.088174
3.89308
3.772492
3.788493
4.017146
4.06427
4.0245
4.13446
4.028947
3.946931
3.953287
3.993831
3.940558
3.997849
3.99629
3.920574
3.590876
3.639705
3.85964
4.186104
3.966797
4.146345
4.240231
4.259146
4.103918
4.107181
4.02911
4.040618
4.250803
4.218118
4.128312
3.783906
3.898159
3.567701
3.53737
3.31869
3.26759
3.301248
3.46534
3.315187
3.341281
3.446081
3.544678
3.668543
3.523008
3.535205
3.470122
3.676905
3.590526
3.66969
4.015035
4.036972
3.916511
3.620544
3.604568
3.601743
3.474741
3.704458
4.110577
4.385234
4.450974
4.239479
4.236716
4.289246
4.619623
4.513038
4.637632
4.564689
4.678865
4.356868
4.245345
4.078086
4.089508
4.190108
4.206228
4.410944
4.275472
4.353008
4.306598
4.402952
4.25644
4.051286
3.82908
3.589521
3.610857
3.709694
3.668686
3.490017
3.532812
3.740205
3.58288
3.510123
3.571242
3.585879
3.565974
3.12189
3.141436
3.251655
2.761657
2.591459
2.323231
2.498861
3.204998
3.601959
3.641604
3.997373
3.77307
4.131743
4.422425
4.271084
4.428583
4.594728
4.84019
4.811
4.923565
5.062015
4.877837
4.911183
4.538388
4.783137
4.73227
4.502031
4.505986
4.582126
4.586829
4.503151
4.031475
3.806705
3.860514
3.646317
3.415919
3.608802
3.847628
3.808278
3.538655
3.799123
3.854525
3.773942
3.725584
3.570852
3.813421
3.709923
3.668379
3.634881
3.650214
3.643196
3.551088
3.372334
3.761232
3.643119
3.772085
3.770066
3.706749
3.490114
3.544078
3.547721
3.746283
3.586941
3.400661
3.25579
3.114027
3.496565
3.528863
3.247711
3.075008
3.266476
3.169562
3.097959
3.309001
3.165382
3.108889
3.154999
2.95023
3.023882
3.171356
3.017374
3.287038
3.25144
3.098603
3.113262
3.260649
3.375784
3.437748
3.671573
3.827268
3.755248
4.01849
4.14858
4.07431
3.92551
3.596402
3.845124
3.958548
4.203418
4.142292
4.027651
3.887032
3.914117
4.06685
3.790097
3.607961
3.643657
3.318848
3.352391
3.326842
3.309296
3.223926
3.317569
3.310199
3.299703
3.376917
3.503212
3.346418
3.569602
3.611557
3.604056
3.743958
4.028202
4.095274
3.846769
3.888222
3.859116
4.020203
4.108706
4.115641
3.862365
4.054472
3.972273
