0.4478828
0.4508592
0.4467851
0.4451482
0.4498656
0.4442038
0.4469399
0.449285
0.4476904
0.449878
0.4570979
0.4508783
0.454072
0.4530485
0.4486029
0.4469046
0.4509126
0.4558437
0.4536097
0.4499497
0.4420223
0.4407839
0.4441588
0.4453736
0.4416604
0.4461622
0.4480204
0.448891
0.444933
0.4434304
0.4449933
0.4418921
0.4423206
0.4377858
0.445224
0.4461802
0.4499554
0.4551601
0.4566116
0.4574021
0.4552046
0.4582187
0.4546197
0.4543571
0.457285
0.4577074
0.4504768
0.4464958
0.453733
0.4541801
0.4589125
0.4530318
0.4544183
0.448082
0.4383595
0.4365509
0.4387316
0.4380274
0.4359453
0.432816
0.4293961
0.4298825
0.4320226
0.4376326
0.4353928
0.4407123
0.4425792
0.4458412
0.4424517
0.4436047
0.4447554
0.4416639
0.4438603
0.4427448
0.4421993
0.4460679
0.4358487
0.4391698
0.4371031
0.4376706
0.4350145
0.4329522
0.4354401
0.4330582
0.4279621
0.432023
0.4320539
0.4350375
0.4413186
0.4434698
0.4423591
0.436311
0.4388759
0.4391537
0.4427503
0.4456246
0.4453672
0.4414349
0.4472063
0.4432053
0.4442273
0.4486052
0.4552135
0.4605237
0.4622339
0.4661454
0.4675319
0.4704559
0.4722159
0.4742177
0.4794692
0.4827709
0.4834646
0.4812879
0.4780096
0.4767785
0.4790079
0.4831001
0.4852678
0.4849691
0.4863147
0.4845304
0.4842625
0.4792082
0.4758386
0.4815239
0.474964
0.4791377
0.4822218
0.4869973
0.4907958
0.4889914
0.4841911
0.4805877
0.4832133
0.4782124
0.4827143
0.4769538
0.4711274
0.4694682
0.4637659
0.4514721
0.4506556
0.452522
0.4496662
0.4432256
0.4448502
0.4445921
0.4460809
0.4438933
0.4510726
0.4543139
0.4527583
0.4530973
0.4563155
0.4523862
0.4571985
0.4590855
0.4589673
0.458931
0.4617181
0.4650149
0.4637901
0.4665601
0.463515
0.4606127
0.4666529
0.4665062
0.4656618
0.4627267
0.4648259
0.4623211
0.4582127
0.4528778
0.4510096
0.4463228
0.4455055
0.4459432
0.4426152
0.4453011
0.4535795
0.4587964
0.4530191
0.4544359
0.458745
0.4601375
0.4600106
0.4705924
0.466319
0.460184
0.4590117
0.4648215
0.4652833
0.4718846
0.4797683
0.483846
0.4834946
0.48694
0.4912111
0.4938935
0.4912576
0.4923403
0.4838949
0.4918867
0.4857726
0.4815689
0.4833185
0.4755997
0.4825745
0.4780272
0.4760649
0.4733729
0.4716901
0.4666457
0.4615584
0.4606659
0.4616401
0.4631016
0.4628275
0.4607008
0.4533012
0.4539328
0.4577543
0.4557681
0.4558014
0.4486978
0.4460034
0.4471562
0.446589
0.4510171
0.4549662
0.4611779
0.4543662
0.4524368
0.4510544
0.4522533
0.4575875
0.4534812
0.449716
0.4437452
0.4443545
0.4434852
0.4459419
0.4503263
0.4486955
0.44223
0.4452618
0.4411427
0.4496088
0.453131
0.4457851
0.445105
0.4404539
0.4426337
0.4384536
0.4409643
0.4351953
0.433023
0.4317072
0.4372362
0.4422852
0.4493266
0.4516842
0.4462258
0.4482584
0.4496393
0.4429429
0.4325086
0.4303577
0.4278671
0.4240209
0.4169393
0.4219149
0.4166547
0.4222655
0.4235868
0.4269227
0.4243352
0.4282926
0.4308957
0.4373529
0.4413868
0.4389652
0.4344043
0.430507
0.4324411
0.4437623
0.4464542
0.4421762
0.437358
0.4313576
0.4304178
0.4298891
0.4303648
0.4310727
0.436089
0.4363601
0.4379165
0.4427424
0.4513211
0.4488253
0.4480573
0.4482488
0.4369992
0.442899
0.4418831
0.4314934
0.429493
0.4365589
0.438388
0.4369875
0.4451952
0.4460332
0.4440136
0.4416762
0.4423088
0.4424581
0.4387477
0.4371241
0.427943
0.4290412
0.4361645
0.437391
0.4420114
0.4370385
0.4392737
0.4398233
0.4419256
0.4399922
0.4413879
0.4441342
0.4384428
0.4404944
0.436903
0.4372922
0.4330072
0.4359335
0.4286594
0.4290593
0.4334923
0.430887
0.4275617
0.4315919
0.4297313
0.4283381
0.4249403
0.4303768
0.4382386
0.4392596
0.4362849
0.4352912
0.4301366
0.4382323
0.4406912
0.4441877
0.445514
0.4509492
0.453184
0.4480072
0.4412563
0.4386599
0.4361131
0.4316643
0.4287127
0.4302556
0.4268892
0.4217219
0.4209053
0.4189406
0.4176036
0.4161355
0.4127233
0.4183535
0.4106677
0.4051197
0.4019932
0.4027701
0.4035109
0.4024715
0.4067776
0.4049555
0.4050757
0.400199
0.3987545
0.3933857
0.3866839
0.3901913
0.3911236
0.3984495
0.3971392
0.3941348
0.3915557
0.3969675
0.3959943
0.3948341
0.4012228
0.4019861
0.4005027
0.4015684
0.4029163
0.4038228
0.4056958
0.4049074
0.4004331
0.397653
0.3979041
0.3924652
0.3924203
0.3928082
0.3934964
0.3907431
0.391308
0.3912113
0.3930533
0.3963732
0.3971884
0.3925667
0.4000471
0.4005899
0.3983173
0.3963966
0.3928901
0.3964511
0.399249
0.3933152
0.3962635
0.4002344
0.4081941
0.3992743
0.3947856
0.3994968
0.4030884
0.4019854
0.4102598
0.4118022
0.4100698
0.4032156
0.3956105
0.3877903
0.3864889
0.3883446
0.3853483
0.3831892
0.38258
0.3825843
0.3808858
0.3860274
0.3833722
0.3803236
0.376694
0.3759992
0.3727798
0.3704702
0.3683872
0.3689404
0.3720883
0.3688351
0.3740947
0.3799028
0.3830365
0.3845949
0.3820357
0.3855503
0.3892319
0.3950767
0.3947527
0.3962664
0.4001218
0.3973948
0.4070768
0.3988163
0.396731
0.3932469
0.3923034
0.3948362
0.395249
0.3939399
0.3898486
0.3896191
0.3927744
0.3850464
0.3878729
0.3892352
0.3811179
0.3834133
0.3876315
0.3863135
0.3844643
0.3844196
0.391137
0.3889505
0.3879558
0.3917614
0.3924825
0.3947062
0.4004389
0.4035901
0.4041787
0.4017987
0.4051116
0.4046934
0.4061568
0.4069443
0.4050839
0.3981729
0.4000083
0.4010827
0.404163
0.4070497
0.4071077
0.403368
0.400761
0.4051794
0.4043729
0.4011739
0.4053305
0.4104737
0.4087797
0.4091718
0.4103657
0.4067127
0.4053933
0.3989643
0.4017621
0.4003556
0.4068696
0.4093324
0.4093158
0.4087282
0.4170783
0.4208099
0.4115119
0.4058545
0.4044561
0.4024477
0.4069806
0.4103436
0.4140573
0.4153119
0.4129259
0.4098844
0.4127857
0.4112135
0.4112141
0.4133033
0.4147644
0.4121973
0.4093541
0.4056046
0.3952284
0.3924421
0.3875827
0.3925893
0.4018734
0.3968762
0.3977459
0.3972559
0.4007813
0.4066135
0.4034554
0.4086785
0.4099085
0.4088309
0.4107728
0.404333
0.4067437
0.4092655
0.4083027
0.4085387
0.4086161
0.4066446
0.409607
0.4161577
0.4154342
0.4131653
0.4101713
0.4097378
0.4095154
0.4109632
0.4059168
0.4103533
0.4085337
0.4044589
0.4055469
0.4065328
0.400411
0.4004604
0.3988499
0.4063863
0.4095507
0.4117645
0.4061912
0.4067019
0.4071762
0.4079251
0.4117289
0.4169517
0.4169598
0.4127389
0.4104951
0.4108673
0.4152638
0.4118508
0.412764
0.4185624
0.420088
0.4172262
0.4204708
0.4240524
0.4280164
0.4243821
0.4172153
0.4173431
0.4154092
0.4212545
0.4269256
0.4274339
0.4286359
0.4274475
0.4343539
0.4342027
0.4216378
0.4192142
0.4209627
0.4229088
0.4328334
0.4307406
0.4282416
0.4288173
0.425182
0.4274207
0.4296727
0.4315466
0.4326788
0.4292862
0.4281525
0.4265643
0.4211059
0.4219265
0.4151455
0.4144591
0.4054875
0.410058
0.4099699
0.4154401
0.4112218
0.4156962
0.4155825
0.4103691
0.4102651
0.4114368
0.4134887
0.4190504
0.4187659
0.4162932
0.4170853
0.4153251
0.4139714
0.4097562
0.4076813
0.4096718
0.4037966
0.4033057
0.4043097
0.4070491
0.4035008
0.4055031
0.40542
0.4026138
0.4001863
0.4042343
0.3973835
0.3987839
0.4011648
0.3977605
0.3967971
0.3952689
0.4001618
0.4026189
0.4040211
0.4014621
0.398046
0.4003008
0.3955627
0.3988544
0.3962191
0.4017523
0.401658
0.3985536
0.4022665
0.407383
0.4130257
0.4079143
0.3980951
0.3974206
0.3999757
0.3954696
0.3942572
0.3949922
0.3911554
0.3891537
0.3899201
0.3955309
0.3987076
0.3954358
0.4015182
0.3994497
0.4047795
0.4061388
0.4093383
0.4084935
0.398193
0.3968658
0.3925524
0.3975449
0.3991186
0.3933354
0.3947225
0.3908537
0.3941804
0.3893247
0.3840262
0.389147
0.3928925
0.3905349
0.3917796
0.3947642
0.3975454
0.3939892
0.3908481
0.389405
0.3873068
0.3819057
0.3863766
0.3834791
0.3858081
0.3839788
0.3860328
0.389307
0.3920338
0.3980577
0.3987651
0.389877
0.3854477
0.3872439
0.384442
0.3775578
0.3820434
0.3854009
0.382081
0.3751627
0.374614
0.3650927
0.3642116
0.3654072
0.3653242
0.3699742
0.3686064
0.3664442
0.3656298
0.3673118
0.3650698
0.3665428
0.3646314
0.3681036
0.3646068
0.3703873
0.3755107
0.3755521
0.3758187
0.3760365
0.370539
0.3754589
0.3798788
0.3801304
0.3770731
0.379729
0.3780612
0.3788826
0.3806685
0.3786945
0.379692
0.3741306
0.3728551
0.3775765
0.3756755
0.3757449
0.377169
0.3703225
0.3749591
0.3742968
0.3767158
0.3736499
0.3717178
0.3765481
0.3793208
0.38644
0.385959
0.3903255
0.3913801
0.3865584
0.3831661
0.3855804
0.3861149
0.3857659
0.3882063
0.3845693
0.3857902
0.3880778
0.3898422
0.3899672
0.3922721
0.3960986
0.4018439
0.4026936
0.4005996
0.4017781
0.3967039
0.393217
0.3929341
0.3972872
0.3933157
0.4007035
0.4075889
0.4062094
0.4062732
0.4067598
0.4111419
0.4123617
0.4101964
0.4102464
0.4119081
0.4214804
0.4233652
0.4282982
0.4322487
0.4305176
0.4226486
0.4279301
0.426344
0.4189697
0.424219
0.4205856
0.4156137
0.4109368
0.4143421
0.4120469
0.4101775
0.4065986
0.4040595
0.4028596
0.4033765
0.3990762
0.3976376
0.4006213
0.4031257
0.4101195
0.4064813
0.4011269
0.4047815
0.4063406
0.4025455
0.4063426
0.3989863
0.3990855
0.4017353
0.4007028
0.4020893
0.3968413
0.3982974
0.40074
0.3993444
0.3983867
0.3954353
0.3992206
0.4008662
0.4089287
0.4080368
0.4082248
0.4041797
0.4092162
0.4172253
0.4159184
0.4207102
0.4152045
0.4156842
0.413044
0.4145104
0.4152917
0.4120274
0.4120324
0.4097429
0.411941
0.4080227
0.4084307
0.4102344
0.4106283
0.4087588
0.4142072
0.4135886
0.4122893
0.4124487
0.4059517
0.4054196
0.4051651
0.4115948
0.4015302
0.4081311
0.400975
0.4021503
0.4010974
0.403961
0.4080099
0.4060774
0.4053065
0.4058608
0.4119931
0.4070226
0.4018756
0.4001669
0.3946109
0.3973591
0.3991904
0.3972604
0.3932842
0.395881
0.3919667
0.3989948
0.3922428
0.3875528
0.3912467
0.3957578
0.3945096
0.3928607
0.3911606
0.3928388
0.3925548
0.3913073
0.3924587
0.3937195
0.3911448
0.3945195
0.3979107
0.3958106
0.3963365
0.3881692
0.3864892
0.3819856
0.3855595
0.3884985
0.3852751
0.3884249
0.3975215
0.3979078
0.3984361
0.3897154
0.3855757
0.3836354
0.3872358
0.3859973
0.3912567
0.3897824
0.3935959
0.3926399
0.3899073
0.3862666
0.3891076
0.3884979
0.3881348
0.3868584
0.39602
0.3939737
0.394282
0.3933256
0.3911732
0.3885791
0.3977904
0.402588
0.4015502
0.3992691
0.4026638
0.4060184
0.4093076
0.410267
0.4074883
0.4081978
0.4100837
0.4076184
0.4077246
0.4025396
0.4023285
0.4037391
0.3994579
0.3999805
0.4000694
0.4031704
0.4051997
0.4023759
0.3974292
0.3945609
0.3902013
0.3904512
0.3839693
0.3854807
0.3844767
0.3808389
0.3829492
0.3776315
0.3800069
0.3831668
0.3788817
0.381386
0.3824163
0.3842524
0.3804605
0.3815892
0.3809762
0.374334
0.3724465
0.3727553
0.3833286
0.3815767
0.3861105
0.3849462
0.385443
0.3824982
0.3813225
0.3883096
0.3891533
0.3956522
0.3941988
0.3977354
0.395091
0.3959464
0.3954628
0.3864597
0.3810571
0.382403
0.387093
0.3819009
0.3781391
0.3816149
0.3807531
0.3790196
0.3763793
0.3763017
0.3709129
0.3695155
0.3690053
0.3745899
0.3705353
0.3693143
0.3658114
0.3698113
0.3701373
0.3698304
0.3716045
0.3674936
0.3719128
0.371892
0.3699257
0.3667635
0.3678618
0.3599262
0.3629556
0.3582371
0.3597191
0.3629077
0.3617121
0.3692262
0.3693626
0.3745533
0.3728819
0.3703135
0.3683155
0.369716
0.3680602
0.3709513
0.3723214
0.3746435
0.381383
0.3854077
0.3900085
0.3917055
0.3949159
0.3902415
0.3916013
0.3880572
0.3873276
0.3820729
0.3790882
0.3902225
0.3933356
0.3970338
0.4018358
0.3997701
0.3983389
0.3983793
0.406667
0.4063244
0.4139654
0.4166103
0.4191858
0.4305086
0.4295689
0.4317233
0.4328743
0.4386396
0.4350976
0.4354769
0.4284253
0.4246321
0.4232684
0.4244737
0.4184203
0.4162758
0.4246985
0.4260108
0.4166269
0.4272072
0.4251108
0.431827
0.4348659
0.4306038
0.4360062
0.4372607
0.4316476
0.4371518
0.4382736
0.4414468
0.443618
0.4433073
0.4458601
0.4452426
0.4384081
0.4326654
0.4281539
0.4280314
0.4200679
0.4231338
0.4236513
0.4229822
0.4250186
0.4269922
0.4327027
0.4368354
0.4408077
0.4405032
0.4397881
0.4373648
0.4334883
0.4380032
0.4382994
0.436041
0.4323608
0.434175
0.431327
0.4255082
0.4279764
0.421014
0.424389
0.4192196
0.4187753
0.4237384
0.4234549
0.4308526
0.4343422
0.4375849
0.4328152
0.4349657
0.435173
0.4288055
0.4279343
0.4283251
0.4305963
0.4290894
0.4255826
0.4282608
0.432017
0.4333538
0.4291512
0.4263977
0.4251422
0.422004
0.4174142
0.4189071
0.4290904
0.4343662
0.4310468
0.4308465
0.4376486
0.441248
0.4455754
0.4493561
0.4465178
0.4473271
0.4444852
0.4416803
0.4477995
0.4457264
0.4438462
0.4454122
0.4473813
0.4452888
0.4448345
0.4454518
0.4417259
0.4372979
0.4360283
0.4409188
0.4382151
0.4324429
0.4406243
0.444806
0.4508824
0.4522559
0.444594
0.4455511
0.4493605
0.4541026
0.4512739
0.4381384
0.4385792
0.4360679
0.4314285
0.4278455
0.4278255
0.4275833
0.4229152
0.4178799
0.4171068
0.4146711
0.4100439
0.4115839
0.4111213
0.4123271
0.414246
0.4172169
0.420489
0.4172503
0.4163399
0.413875
0.4132408
0.4106934
0.4060029
0.401057
0.397461
0.3907731
0.3923567
0.390089
0.3842154
0.3845195
0.3822053
0.3901167
0.3934783
0.3946864
0.4018222
0.4001754
0.3990286
0.401492
0.3986638
0.3947106
0.3910115
0.3875325
0.3853597
0.3834125
0.3847575
0.3815562
0.3857089
0.3851423
0.3792644
0.3723578
0.375869
0.3780967
0.3788682
0.3804986
0.3873787
0.3828154
0.3849383
0.385642
0.3901452
0.3862016
0.3884621
0.3918841
0.3927551
0.3950761
0.3921892
0.3945497
0.3933887
0.3949795
0.4016869
0.4030454
0.4067146
0.407115
0.4064944
0.4094169
0.4027599
0.4061035
0.4017533
0.403305
0.4060703
0.4001554
0.404221
0.3987329
0.3987018
0.4031586
0.3994963
0.3923943
0.3905674
0.3862324
0.3843704
0.3840662
0.387893
0.3880362
0.3876299
0.3902395
0.3863184
0.3868541
0.3904608
0.3911356
0.3933423
0.3936138
0.3971276
0.3940245
0.3925491
0.386745
0.3822058
0.3797194
0.3841121
0.3788002
0.3786354
0.3782697
0.3783222
0.3802377
0.3760603
0.3745487
0.3755724
0.3694461
0.3711289
0.3721734
0.3788183
0.3761013
0.3771648
0.3774225
0.3771631
0.3748872
0.3756406
0.3721101
0.3735516
0.3745931
0.3756388
0.3778581
0.3818976
0.3818793
0.3836955
0.3758925
0.3787944
0.3776955
0.3799221
0.3768075
0.3687653
0.3675592
0.369244
0.3628293
0.3657046
0.3654415
0.3660116
0.3622757
0.3556653
0.3553484
0.3564559
0.3563204
0.358531
0.352635
0.3575623
0.3619331
0.3616846
0.3646727
0.3588606
0.356749
0.3637775
0.360276
0.3572368
0.3555326
0.3515104
0.3509276
0.3497792
0.3512336
0.3437251
0.3449707
0.3452076
0.3400303
0.3356518
0.3292737
0.3315812
0.3330285
0.3331766
0.3328473
0.3340942
0.3346572
0.3393676
0.339894
0.3391857
0.3370155
0.3346709
0.3350132
0.3368009
0.3355552
0.3365703
0.3354994
0.3359532
0.3384586
0.3373218
0.3335101
0.3301162
0.3318049
0.3343387
0.3348239
0.3275393
0.3236495
0.323521
0.3228699
0.322578
0.3252248
0.3222772
0.3217042
0.3222796
0.319726
0.3194867
0.3184222
0.3228548
0.3253889
0.3245432
0.3213353
0.322601
0.3232764
0.32542
0.3276492
0.3280835
0.3321377
0.3334049
0.3360138
0.3410927
0.3383904
0.3397453
0.3357746
0.3400831
0.3406998
0.3423223
0.3384469
0.3451678
0.3488816
0.349043
0.3462061
0.3422719
0.3395869
0.3380215
0.3370221
0.3387535
0.3366538
0.3364162
0.3380834
0.3398691
0.3409078
0.343122
0.3468999
0.353818
0.3570244
0.3571209
0.356605
0.3539568
0.3529897
0.3572064
0.3571455
0.3610651
0.3562138
0.3560182
0.3631059
0.3614583
0.3619057
0.3579078
0.3577245
0.3577222
0.3645922
0.3611171
0.3594067
0.3607638
0.3605452
0.3510409
0.3525905
0.3575484
0.3616207
0.3553442
0.3586456
0.3661361
0.3695009
0.3668844
0.3696684
0.3738922
0.3763362
0.3807343
0.3866782
0.3819941
0.3820592
0.382208
0.3753156
0.3745174
0.3701742
0.375095
0.3823716
0.3786867
0.3834367
0.3805569
0.3801821
0.3803231
0.3821662
0.3811286
0.377987
0.3764072
0.3781036
0.3715817
0.3734662
0.3698222
0.3775859
0.3728146
0.3683535
0.3626593
0.3645717
0.3588257
0.3542355
0.3491022
0.3548342
0.3566841
0.3514759
0.3478355
0.3469491
0.3432635
0.3369019
0.3375634
0.3381485
0.3402922
0.3472559
0.3401412
0.3406177
0.3432319
0.3513508
0.352073
0.3542972
0.3507622
0.3512492
0.3526629
0.3504525
0.347779
0.3436396
0.3446692
0.3382863
0.3337818
0.3338227
0.3316182
0.3322603
0.331225
0.3324158
0.3339607
0.3332893
0.3319261
0.3297225
0.3229409
0.32227
0.3267681
0.32369
0.3298809
0.3322634
0.3334477
0.3329732
0.3348433
0.3340635
0.3384885
0.3387498
0.3456323
0.3497418
0.3514785
0.3513998
0.3477747
0.3515591
0.3592024
0.3625569
0.3636501
0.3658179
0.3653921
0.363516
0.3597162
0.3605423
0.3555881
0.3560315
0.3587298
0.365633
0.3655827
0.3647188
0.3639584
0.3634285
0.3636934
0.3680654
0.367381
0.368585
0.370324
0.3734905
0.3675203
0.362422
0.3640087
0.3610873
0.3601964
0.3591943
0.3536523
0.3476558
0.3469921
0.3456545
0.3501599
0.3531703
0.3517039
0.354139
0.3557947
0.361635
0.3621361
0.3632184
0.3643835
0.3690527
0.3710227
0.3683843
0.3653951
0.365255
0.3648337
0.3672826
0.3725269
0.368825
0.372275
0.3692494
0.3712677
0.373716
0.3739282
0.3805338
0.3785621
0.3776938
0.3796504
0.3831551
0.3864128
0.3805271
0.3833587
0.3830311
0.3854142
0.3838984
0.3779272
0.3736195
0.3741798
0.3741247
0.3792288
0.3808527
0.3876731
0.3904061
0.3947785
0.394721
0.4012262
0.3987039
0.3912067
0.3921295
0.3926215
0.3956285
0.4054056
0.4004518
0.3992724
0.3996883
0.4007437
0.4001143
0.4016354
0.4000049
0.3994029
0.4013189
0.3963949
0.3936632
0.3965831
0.4016353
0.4037032
0.4094861
0.4193451
0.4280684
0.436963
0.443154
0.4467278
0.4421845
0.4366105
0.4406292
0.4328275
0.429258
0.426332
0.4239625
0.4169892
0.423138
0.4311341
0.4340794
0.440667
0.4367421
0.4355273
0.4357297
0.4321349
0.4292229
0.4319247
0.4344072
0.4359568
0.431314
0.4348264
0.4310397
0.4369113
0.4296983
0.4305857
0.4364878
0.4447439
0.4480942
0.4434164
0.4410233
0.4429838
0.4474667
0.4529003
0.4532954
0.4504794
0.4466115
0.4572075
0.4574255
0.4598093
0.4659384
0.4628312
0.4650253
0.4657701
0.4682667
0.4746487
0.4789648
0.4752629
0.4733948
0.4756334
0.4776725
0.4806168
0.4871859
0.4801786
0.488734
0.4845688
0.486931
0.4866433
0.4869103
0.4907287
0.498058
0.4952127
0.4832188
0.4810909
0.4776678
0.4725486
0.4715121
0.4596821
0.457282
0.4608246
0.4597748
0.4572134
0.4573822
0.4653509
0.4661966
0.4772177
0.467326
0.4745643
0.4694377
0.4680611
0.4657693
0.4678099
0.4682152
0.4739945
0.471802
0.4698892
0.4767311
0.4695217
0.4706196
0.473058
0.4793421
0.4871309
0.4860819
0.4901964
0.487823
0.4809861
0.4772624
0.4807144
0.4789558
0.4848301
0.4850286
0.4835879
0.4805461
0.477547
0.4801411
0.4807278
0.4824304
0.4820334
0.4827887
0.48106
0.4726302
0.4698293
0.475529
0.4784934
0.4781073
0.4833391
0.4825853
0.4816491
0.4850189
0.4829948
0.4835143
0.4814366
0.4757399
0.4683068
0.4680889
0.4715052
0.4663733
0.4690042
0.4763583
0.4752814
0.4799687
0.4850907
0.49146
0.4900878
0.4992624
0.5029553
0.5029476
0.5081353
0.5023838
0.4962501
0.5013885
0.4929378
0.4978881
0.4950238
0.4948228
0.496665
0.5027427
0.498153
0.5031186
0.5105271
0.5016758
0.5047888
0.5109891
0.5116736
0.5084293
0.4994081
0.4998713
0.4915022
0.4903548
0.4887018
0.4940615
0.4895448
0.496055
0.4958048
0.4968735
0.4950855
0.4921946
0.4923529
0.4933007
0.4847723
0.4800708
0.4822116
0.4944921
0.5016596
0.5001481
0.5037357
0.5064868
0.5071141
0.4970372
0.4934463
0.4808625
0.4783123
0.4818077
0.4837467
0.4813805
0.4807548
0.4748864
0.4714301
0.4597749
0.459785
0.4605753
0.4560862
0.4523181
0.4579774
0.4593963
0.4548994
0.4460694
0.4535511
0.4541084
0.4477336
0.4492153
0.4511022
0.4486615
0.4543863
0.4600375
0.4615083
0.4690304
0.4732754
0.4669275
0.4716565
0.4677575
0.4687516
0.4690246
0.465089
0.4642549
0.4661605
0.4666725
0.4704706
0.4696927
0.4713772
0.4757631
0.4746904
0.4805281
0.4884722
0.4882144
0.4854263
0.4910171
0.4949033
0.4977077
0.4953936
0.495843
0.4919649
0.4805396
0.4815082
0.4760292
0.4787331
0.4756778
0.4697432
0.4738658
0.4783936
0.4782657
0.477451
0.4762569
0.4753147
0.4794693
0.4861819
0.4877185
0.4947507
0.497867
0.4895316
0.4841493
0.4855348
0.4868356
0.4867984
0.4806905
0.4827667
0.4773852
0.4874287
0.4892142
0.4870573
0.4895118
0.4976286
0.5026766
0.5023607
0.5074314
0.5143879
0.5165708
0.5260035
0.5324915
0.5318077
0.5307087
0.5349855
0.5385986
0.5441244
0.5459182
0.5519454
0.5486681
0.5480532
0.5437211
0.5433022
0.5430309
0.5474723
0.5480798
0.5449131
0.5412396
0.5475892
0.5565109
0.5522502
0.5486973
0.5525083
0.5498596
0.5499624
0.5498197
0.5533271
0.5559837
0.5525303
0.5574778
0.5632658
0.563728
0.5703188
0.5668778
0.5667902
0.5671214
0.558549
0.5730042
0.5793955
0.5754928
0.5638372
0.5606004
0.5604767
0.5599466
0.5561125
0.5561068
0.5567227
0.5541125
0.5551595
0.5554359
0.5498348
0.5500266
0.5431252
0.5393535
0.531691
0.5233172
0.5300373
0.5427017
0.5474975
0.5546943
0.550364
0.547816
0.5471095
0.5420152
0.5438994
0.5403366
0.5377571
0.5434206
0.5406194
0.5359175
0.5405929
0.5419724
0.5436263
0.5526997
0.5544618
0.5581809
0.5649596
0.5641318
0.5517651
0.5518305
0.5489284
0.5424278
0.5331195
0.5379413
0.538997
0.5418155
0.5372612
0.534995
0.5454854
0.5437389
0.5475775
0.5492924
0.5518725
0.5559088
0.5627462
0.5643067
0.5652053
0.5625336
0.5665386
0.56383
0.5601441
0.555839
0.5572466
0.5596608
0.555491
0.5514812
0.5552854
0.5434599
0.5389074
0.5495785
0.5468372
0.5492527
0.5436008
0.5482035
0.5555362
0.5500522
0.5550439
0.5555459
0.5600429
0.5605614
0.5584348
0.5625888
0.5514305
0.5393962
0.548924
0.5390844
0.5370371
0.5375468
0.5343472
0.5346405
0.5415948
0.5472233
0.5475915
0.5394019
0.5361028
0.5407632
0.5441501
0.5476127
0.5433563
0.5382585
0.5420698
0.5390513
0.5465396
0.539798
0.537093
0.5410436
0.5357305
0.5365117
0.5339349
0.5312886
0.5270913
0.5186428
0.5157323
0.5146492
0.5155164
0.5120908
0.5245677
0.5312849
0.5327764
0.5320682
0.5373525
0.5311213
0.5289934
0.5337701
0.5323222
0.5351038
0.5322663
0.5263263
0.5300052
0.5275714
0.5271827
0.5322489
0.5271527
0.5309881
0.5355928
0.5438621
0.5374197
0.5419265
0.5417325
0.5400697
0.5389388
0.5432583
0.540248
0.5428839
0.5383728
0.5327637
0.5285824
0.5270193
0.5265413
0.5234466
0.5215383
0.5221089
0.52295
0.5264001
0.5258059
0.519757
0.5233556
0.5174741
0.5131523
0.5159591
0.5076543
0.4988122
0.4999198
0.4952999
0.5049758
0.5025262
0.5049742
0.5011614
0.4986317
0.4945868
0.5009285
0.4994444
0.5103234
0.5116464
0.51314
0.5202725
0.509374
0.5072493
0.5010683
0.4986206
0.5006396
0.504597
0.5035348
0.4992052
0.5010416
0.5004781
0.5043544
0.4987796
0.4982804
0.4925023
0.4884683
0.4893036
0.4864279
0.47866
0.4747042
0.4803952
0.4809399
0.4794365
0.4788455
0.4792693
0.4727549
0.4773283
0.4782851
0.4757198
0.472124
0.4742143
0.4727252
0.4712748
0.4740746
0.4844808
0.4865791
0.4815386
0.475632
0.4773719
0.4756926
0.4711956
0.4749882
0.476165
0.4738227
0.4742179
0.4777979
0.4784982
0.4854389
0.4789346
0.4772303
0.4841878
0.4801172
0.4792632
0.4765128
0.4724319
0.474487
0.4826226
0.4716695
0.470306
0.4758959
0.4732402
0.4798475
0.4819551
0.4716374
0.4697892
0.4706817
0.4710237
0.4701193
0.4621049
0.4665198
0.4683009
0.4688634
0.4710125
0.4649201
0.4580462
0.461957
0.460295
0.4482148
0.4443981
0.4476978
0.4499192
0.4495799
0.4469691
0.4463449
0.44867
0.4437196
0.449223
0.4452253
0.4387724
0.4428119
0.4484234
0.4551223
0.457509
0.4726865
0.4749207
0.477879
0.4698031
0.4682248
0.4667984
0.4626169
0.4629602
0.4643888
0.4627461
0.4609924
0.4689902
0.4746665
0.4689679
0.4701046
0.4655487
0.4601524
0.4582592
0.4549735
0.4507227
0.4505754
0.4525305
0.4476145
0.4407489
0.4384153
0.4398067
0.4355545
0.43668
0.4360969
0.4381813
0.4281572
0.4247363
0.4211399
0.4200591
0.4234252
0.4227479
0.4197636
0.4211423
0.4221821
0.4174152
0.4282808
0.4210207
0.4241128
0.4254236
0.4277217
0.4295811
0.4323832
0.4391124
0.4399379
0.4366673
0.4296124
0.4316054
0.4338456
0.4360299
0.4341505
0.4268516
0.4283363
0.4305094
0.4239352
0.4293828
0.4269924
0.426561
0.4254446
0.4231255
0.4244237
0.4238984
0.4259924
0.420118
0.4184515
0.4170854
0.4201092
0.4298397
0.4342125
0.4283599
0.4281202
0.4304436
0.4312264
0.4341652
0.4373327
0.4481203
0.4477737
0.4536894
0.4518539
0.4589969
0.4596404
0.4596075
0.4619329
0.4688868
0.4757499
0.4831468
0.4797254
0.4734206
0.4779589
0.4772416
0.4657223
0.4632975
0.4632676
0.4708024
0.4737632
0.4729729
0.4719773
0.4716672
0.4688296
0.4622971
0.4618663
0.4689112
0.4603987
0.4608663
0.460102
0.4714935
0.4742683
0.4739333
0.4731176
0.4713798
0.4682169
0.468776
0.4686593
0.4703881
0.469152
0.4685894
0.474027
0.4711803
0.4711848
0.4762049
0.4769913
0.485251
0.4936024
0.4997806
0.5019431
0.5077228
0.5133014
0.5174017
0.5198654
0.5136446
0.5234544
0.5222251
0.5212212
0.5235039
