0.5888636
1.805842
2.344756
2.559311
1.915758
1.563108
1.891948
1.809539
1.62404
1.932177
1.56453
1.711824
1.937352
1.3394
2.140447
1.209684
1.553824
1.534524
1.710884
1.61915
1.913181
2.412062
2.699166
2.29122
1.901492
2.451123
2.691696
2.316324
1.666087
2.615792
2.160992
1.279522
1.307181
1.9841
2.046274
1.889083
1.949793
1.65439
2.00046
1.739797
1.687994
1.879968
1.361615
1.836944
1.515927
1.463487
1.875448
2.042578
2.027251
1.905898
1.953977
2.281659
1.533927
1.763451
2.02985
2.146585
2.00093
1.503933
1.641478
2.156144
2.558753
2.128242
1.814192
1.984985
1.933406
1.995921
1.395944
2.1454
2.774788
1.378027
2.414851
2.278196
1.683693
1.531694
2.560585
1.881185
1.921487
2.645661
1.878503
1.95387
1.704386
2.012479
1.282701
2.131147
2.253954
1.391093
1.797049
2.498865
1.777046
1.809153
1.342607
2.220208
1.602813
1.665992
1.807629
2.949123
2.002417
1.070254
1.698251
1.317709
1.843937
1.620639
1.648171
1.515095
1.684275
1.512373
1.706362
3.240418
1.751854
1.963131
1.839334
2.699296
1.586846
1.106144
1.938619
2.055021
2.047324
1.306792
1.574667
1.849223
1.598049
1.436207
1.828327
1.365001
2.52987
2.010605
1.97215
1.606089
1.257125
1.517361
2.02018
1.928813
1.861701
2.187365
1.911855
1.833379
1.900163
1.381378
2.250819
1.935965
1.718301
1.74673
1.970606
1.805255
1.648247
1.892353
2.30516
2.502659
1.63197
2.081237
1.595487
1.221133
2.056335
1.519205
1.888246
1.041489
1.500093
1.380026
1.789576
1.828525
1.826448
2.784565
2.284915
1.58699
1.475714
1.228511
2.016142
2.026176
1.828493
2.169181
1.483668
1.868846
1.76149
2.802175
2.282483
1.360027
1.417054
2.195696
1.489452
1.273468
1.166795
1.379084
1.86186
1.916041
2.384064
1.755149
1.985562
2.045035
1.61102
1.354313
1.953042
2.334034
1.972258
2.106691
2.000396
1.958662
1.44558
1.645473
1.727596
1.713054
1.767676
1.911918
1.45184
2.523258
1.648593
2.297938
2.207495
2.452999
1.895785
2.037994
2.485976
1.541457
2.078059
1.427522
1.443812
2.222447
1.868607
2.441682
2.189072
1.473048
1.730908
1.364875
1.162478
1.424553
1.567697
2.105637
1.426754
1.250567
1.609534
2.326311
2.021695
2.830915
1.944195
1.381418
2.077923
1.208137
1.073316
1.969765
1.809943
1.347249
1.248607
1.831177
1.463661
1.569463
2.091661
1.293622
1.402522
1.345624
1.164458
1.691743
2.888121
1.351337
1.548483
2.15218
1.611678
1.556141
1.676646
1.602258
1.356553
1.387924
1.49891
1.070717
1.162308
1.640985
1.707241
2.005756
2.659349
1.548354
2.031141
1.895912
2.253215
1.785948
2.170908
1.820718
1.183257
2.046769
1.411372
1.863935
1.98644
2.7705
1.374634
1.425001
1.304397
2.805428
2.09001
2.433685
2.222811
1.914904
1.75706
1.66474
1.544977
1.430752
1.162624
1.843205
2.132024
1.384734
2.590702
2.36026
1.744912
1.550163
