0.160108
0.1577188
0.1567463
0.1578055
0.1585717
0.1588091
0.160709
0.163912
0.1667023
0.1681055
0.1680529
0.1691341
0.169662
0.1718187
0.1715224
0.1715474
0.1705769
0.1709075
0.171826
0.1708196
0.1721004
0.1723548
0.1732395
0.1724943
0.1736089
0.1749744
0.1734934
0.174228
0.176272
0.1763105
0.178309
0.1771752
0.1741368
0.1747634
0.1759229
0.1760096
0.1759496
0.1755039
0.1754738
0.176257
0.1757486
0.1772374
0.1773552
0.1776173
0.1761797
0.1742424
0.1754193
0.1754656
0.1749076
0.1749211
0.1745845
0.1741796
0.1756711
0.1753161
0.1758014
0.1739111
0.1777833
0.1752434
0.1740364
0.171826
0.1746117
0.1754113
0.1748898
0.1735008
0.1717809
0.1708137
0.1713008
0.1712085
0.1737353
0.175568
0.1758059
0.1769615
0.1811739
0.1813693
0.1807562
0.1788948
0.1793701
0.1851252
0.1858732
0.1886615
0.1862528
0.1837854
0.1872855
0.1877997
0.1867782
0.184642
0.1842178
0.1860373
0.1878819
0.1873636
0.1874026
0.1918774
0.1946673
0.1953376
0.1951339
0.195875
0.1933287
0.1946959
0.1948827
0.1957184
0.1968424
0.1956023
0.1974216
0.1970499
0.1962281
0.1937822
0.1905186
0.189885
0.1893738
0.1910097
0.1872088
0.1867461
0.186606
0.1887265
0.1888431
0.188028
0.1876306
0.1884941
0.1902071
0.1931541
0.1940311
0.1946167
0.1958296
0.1975411
0.1979445
0.1970806
0.1998865
0.1996201
0.1987561
0.2006437
0.2044338
0.204026
0.2018432
0.2003566
0.1983843
0.1977334
0.1936922
0.1916666
0.1916919
0.1886735
0.1862108
0.1873918
0.185844
0.1834177
0.180978
0.1822313
0.1788341
0.1794573
0.1799122
0.1794495
0.1796741
0.1795383
0.1814853
0.182685
0.18299
0.1811211
0.1811627
0.1818358
0.1822169
0.1802754
0.1817381
0.1818489
0.1820211
0.1799937
0.1782246
0.180464
0.1812999
0.178554
0.1789681
0.17809
0.1779499
0.1765484
0.1725547
0.1766545
0.1773389
0.1774156
0.179726
0.1815417
0.1840327
0.185546
0.1881254
0.1858376
0.184471
0.1838864
0.184173
0.1867516
0.1834847
0.1831782
0.1823741
0.1795433
0.1807772
0.1813129
0.1765192
0.1753498
0.176956
0.1757662
0.1755452
0.175826
0.1803928
0.1778511
0.1783848
0.1770943
0.1797903
0.1835894
0.1863648
0.1855225
0.1880041
0.1863649
0.1887373
0.1852459
0.1830591
0.1839593
0.1856184
0.1874553
0.190072
0.1888906
0.1876837
0.1888143
0.1903504
0.191815
0.1923916
0.191179
0.1902444
0.191739
0.1923009
0.1913107
0.1911171
0.1908162
0.1893098
0.1895052
0.1883115
0.1887856
0.1864442
0.1871266
0.1842738
0.1857325
0.1845574
0.1824929
0.1835091
0.1838383
0.1868059
0.1854917
0.1858935
0.1899529
0.1915094
0.190254
0.1915562
0.1923431
0.188557
0.1892839
0.1893564
0.1903503
0.1909051
0.1898512
0.190106
0.1887609
0.1902604
0.1906102
0.1936538
0.1928958
0.1930413
0.1897983
0.1851625
0.1863868
0.1886783
0.1891197
0.1872562
0.1874646
0.1855666
0.1859949
0.1902095
0.1896157
0.1883784
0.1856661
0.1869514
0.188753
0.1888983
0.190067
0.1918897
0.1892424
0.1872096
0.1879218
0.1902668
0.1953207
0.1957646
0.1943007
0.1939583
0.1936424
0.1941406
0.1946311
0.1918038
0.191722
0.1933132
0.1914193
0.190366
0.1867767
0.1850365
0.1832457
0.1885685
0.1882803
