0.4566344
0.6092965
0.5365942
1.02545
0.7454677
0.6480506
0.8539285
0.9664769
0.4104193
0.6548199
0.7110419
0.4598978
0.4336493
0.7861656
0.8087621
1.763481
1.631485
1.58391
1.40021
0.902086
0.6915566
1.262703
0.9554423
0.9192282
1.401956
1.831074
1.2865
1.890974
1.753805
0.9419785
0.9650228
1.282229
2.451502
1.66147
1.652106
1.633012
1.784113
0.9173741
0.5205487
0.7053917
0.8968579
1.063755
1.19674
1.17616
1.264843
1.255929
0.9173151
1.942815
1.929651
1.149871
2.369864
1.633654
0.9177129
1.31087
1.46538
1.756011
1.027368
1.188361
1.301513
1.374451
2.337173
1.609308
1.401666
1.87027
1.52232
0.8983216
1.080717
1.249655
1.286345
1.323426
1.401446
1.822477
1.310788
1.275239
1.447338
1.294159
0.9036677
0.9264854
1.002233
1.139656
2.155711
1.082832
1.03515
0.8278879
1.211911
0.7757789
0.4020578
0.3588297
0.4549399
0.4300363
0.5830911
0.6364457
1.563176
1.771984
0.6967197
0.8176052
1.507052
1.333471
0.9258712
0.5364087
0.3799462
0.2657557
0.2389704
0.2444071
0.2112264
0.4934071
0.545214
0.6697847
0.6552628
0.8481685
0.8614742
0.6087324
0.361476
0.3228865
0.3051293
0.6755617
0.3650838
0.5909318
0.7855766
1.111991
1.299265
0.9605726
0.8256776
1.072863
1.061451
0.8509493
0.651658
0.599627
0.9360806
0.789808
0.9873731
0.7678687
0.6793987
0.9384377
1.237547
1.062027
0.8060902
0.7879467
0.8740623
1.020752
0.8089475
0.5536742
0.6422953
0.991209
0.8568505
0.7283944
0.9918492
1.04618
0.7884693
1.430614
0.8898109
0.7222463
1.251849
1.065674
2.136877
1.293574
0.6581096
0.6017133
0.9373643
1.070095
2.045993
1.519552
1.599143
1.630358
1.804678
1.463635
1.180947
1.102715
0.9094316
1.24212
0.8900777
0.5934759
0.7500183
0.8659966
0.9340001
0.6203862
0.6788952
0.9229076
0.7272317
0.5552658
0.6874095
0.6127694
0.4180154
0.2693969
0.4506337
0.4440975
0.3134662
0.3410074
0.4252057
0.6591675
0.8543834
0.540037
0.9543957
0.6275646
0.6885884
0.6358293
0.5167219
1.276495
1.26366
0.9289884
1.08978
0.8764663
0.6450942
0.4798212
0.5517476
0.522805
0.4707308
0.4333514
0.2911036
0.3260313
0.2867466
0.1665037
0.4712132
0.6838334
1.082714
1.79508
1.450266
0.8848903
0.7170336
0.7445001
0.8610204
1.271101
1.465031
0.8456519
0.9591959
0.7039572
0.4422791
0.6187377
0.3262066
0.306086
0.3487211
0.2390291
0.4230377
0.1942411
0.204658
0.1708769
0.135794
0.2677965
0.36788
0.6138773
0.3351051
0.4394608
0.6208582
1.053472
0.4553018
0.4368081
0.3038677
0.2925255
0.2624406
0.3637822
0.5741461
0.916968
0.4443391
1.077046
0.6647637
0.9193248
1.075273
0.7464589
1.00458
0.8360448
0.654668
1.034208
0.7430996
0.8805183
0.9362285
0.929925
1.020525
1.691613
1.397692
0.9411909
0.9589177
0.987291
1.199085
1.812607
1.374473
0.869704
0.8752716
0.7468525
1.158848
0.9848028
0.6117474
0.805958
0.7172714
0.5900704
0.5801925
0.455121
0.6253221
0.6079431
0.951665
1.08298
1.399986
1.133089
1.086194
1.008731
0.720467
1.023641
0.8497391
0.6461492
0.9193128
1.533423
1.66694
1.037821
0.9804643
1.371304
1.631792
0.936353
0.7664743
1.093012
1.101457
1.218002
1.089784
1.108633
1.605424
1.49128
1.151002
1.007486
0.8118615
0.7811014
0.5640617
0.5054517
0.7153759
0.960997
0.5339304
0.5928306
0.6518509
0.6463267
0.8445564
0.8418699
0.4778085
0.4775372
0.3181018
0.2918335
0.4766459
0.4117258
0.2407571
0.3686857
0.3950391
0.3314849
0.404177
0.3802022
0.2368084
0.2782067
0.3687988
0.3388524
0.4889398
0.4830271
0.7598033
0.8927251
1.119329
0.4649617
0.9500738
1.441929
1.063497
1.153439
1.347074
0.9933065
1.17923
1.477315
1.300939
1.415848
1.16909
0.8268815
1.105488
1.43148
1.33104
1.288156
1.465371
0.696369
0.9533025
0.9507892
1.441854
1.375923
1.746633
0.8306759
0.8689336
1.188941
1.153117
0.9357002
1.171284
1.400242
1.079149
1.616323
0.8704391
0.9262864
0.7691557
1.703162
1.157042
1.169289
1.09326
0.8533613
0.8465648
0.9338431
1.059062
1.310715
1.035662
1.210654
1.184093
0.8848609
1.24938
1.544476
1.184344
1.370053
1.12571
1.47887
1.724757
1.217258
1.690838
1.979487
1.159015
1.583646
0.8180018
0.7402875
0.8307692
0.7786369
0.8997089
1.297863
1.327355
0.9378553
0.8058524
0.7673588
1.465587
1.484406
1.334867
1.56011
1.51055
0.8315506
1.227414
1.14609
0.9852748
0.5825043
2.27546
2.598009
1.270718
1.168323
0.8867641
0.6920671
1.019116
1.183548
1.17267
1.27494
1.762751
1.611915
1.518654
1.626329
1.310685
1.57506
1.745786
1.223783
0.8606887
0.836061
1.304935
1.319864
1.052759
1.445643
1.806857
1.484281
1.399703
1.235683
1.036914
1.492868
1.233557
1.523482
1.651439
1.136453
1.968624
2.031376
1.6943
1.785413
1.651752
1.378035
1.22502
1.538295
1.053512
0.9087041
1.196374
1.018649
1.270363
1.118489
1.468459
1.03412
2.388099
1.53501
1.363901
1.269448
1.627647
1.189323
1.594928
1.818814
1.444125
1.489065
1.493131
1.036577
0.9140088
1.002822
1.553345
1.442954
2.500118
1.475646
1.129812
1.64106
1.98076
1.511025
1.613016
2.000089
1.821297
1.05711
1.181623
0.7069527
0.630375
0.9460976
1.766586
1.372264
1.404736
1.170753
0.9879783
0.8095547
0.8594949
1.146668
1.395152
1.37339
1.511309
1.952018
1.774565
1.79828
1.200691
1.083571
0.9867
0.9241231
1.233119
1.75257
1.461833
2.142928
1.926903
1.368047
1.157697
0.6838349
0.6314659
0.9426541
1.159466
0.8539192
1.073011
1.219784
1.298354
1.614964
1.366231
1.50955
1.165189
0.9470757
1.047207
1.219925
1.496761
0.9109074
1.314039
1.189601
1.08359
0.9803572
1.135482
1.273494
1.143298
1.196391
1.836337
1.583994
0.7114249
1.258938
1.50933
2.260584
2.081252
2.589447
1.787676
0.8644617
1.475525
1.527844
1.398906
1.330737
1.270384
0.8573619
0.6101035
0.7344866
0.9214487
2.054834
1.903722
1.153238
1.266055
1.287103
0.7649782
0.7502805
1.098782
1.081931
1.633033
1.372797
0.7218126
0.8568619
1.341722
1.465109
1.287201
1.155694
0.871856
1.018776
1.588499
1.36557
1.313639
0.6483188
1.412635
0.9509999
1.754084
1.951873
0.9779092
1.702721
1.172395
1.422022
1.017604
1.530353
1.034024
1.294852
1.316798
1.251866
1.275683
0.7202086
0.9937901
1.43843
1.140179
1.885459
1.262698
1.242055
1.251704
1.803826
1.447378
0.895996
0.8545998
1.112692
0.9217001
0.8298194
0.7401121
0.6455055
1.081324
0.8291459
0.7250871
0.9358417
0.6943141
0.5306682
0.5652938
0.5641616
0.7926406
1.639433
1.252448
1.780276
1.288759
1.340236
1.11211
1.098405
1.679031
1.585643
2.13358
1.564886
1.542987
1.099688
2.128768
1.571217
0.8516619
0.9710553
1.73538
1.07395
1.516536
1.403186
0.9571593
0.8246171
0.5710861
0.7759187
0.9776383
0.9334747
1.354083
1.753956
1.503886
1.4837
1.458876
1.48684
1.167615
1.489912
1.156465
1.504681
1.334584
0.8182639
0.9607086
0.6967838
0.777624
0.8074821
1.445569
1.017041
1.271953
2.005828
0.8714682
0.7181689
0.6339061
0.8352196
0.8074377
1.250219
1.123174
1.089787
0.9524061
0.8058642
0.8319982
1.48207
1.276387
0.7038005
1.920519
1.877352
1.423149
1.381523
1.076999
1.609535
1.652154
2.064305
1.022144
0.9737588
1.023358
0.9803381
1.489459
0.9961387
1.373554
1.265962
0.9181573
0.625846
1.152059
1.687502
1.907198
0.7481135
1.298542
1.044852
1.127526
0.9633772
1.344755
1.772066
1.891301
1.591065
1.52386
1.353412
1.211505
1.082204
1.152421
1.433815
1.759766
1.122375
0.824236
0.7897143
0.9035956
1.134216
1.566906
1.535506
1.611346
1.613461
0.94742
1.355529
1.275377
1.285476
1.804355
1.035935
0.9377152
0.7300958
1.027554
0.9217274
1.162293
1.362596
1.655496
1.447675
0.9146315
0.8510226
0.8249896
1.004946
0.9592965
0.7454437
0.7536966
0.6651926
0.9281751
0.9512551
1.265561
0.8209901
0.8157614
1.337812
1.311558
0.9417534
1.011807
0.9408616
1.399518
2.24395
2.013199
1.437192
2.063223
2.383678
1.283051
1.150974
1.75886
1.131474
0.9964848
1.347427
0.9020895
1.468553
1.338531
0.8920647
2.290125
2.200642
1.175411
1.015714
1.444214
1.228732
1.150332
1.204647
1.080948
1.724579
1.949544
2.10727
1.344829
0.5037361
0.7859491
0.8485671
0.9859421
1.040382
1.246459
1.157192
1.322175
1.234958
1.377898
1.485103
1.787287
1.788004
2.1789
1.270978
1.326283
1.211943
1.09731
1.345411
0.5015366
0.6883955
0.8739488
0.9105113
1.441876
1.013484
0.6740875
0.6449404
1.070573
1.740571
2.199517
1.208486
0.9844897
0.8344864
0.7944211
0.8832262
0.5180314
0.4896161
0.7344177
1.13937
1.950046
1.120335
1.093174
1.16638
0.7719205
1.41237
1.860314
1.387601
1.61821
0.8967186
0.9341837
1.345409
0.8692372
0.9285966
1.019518
0.7686099
0.4907091
0.5150021
0.8392106
1.247467
1.391758
1.77451
0.709792
0.9756377
0.793902
0.7120583
0.8315708
1.384585
0.9279974
1.122006
1.593779
1.770047
1.812235
0.9549868
0.9336688
1.030581
1.209634
1.303774
1.194315
1.571449
1.720839
1.14032
0.7295581
0.9490578
0.8877973
0.8604033
1.508884
1.428788
2.649755
1.66491
0.7231089
0.498842
0.68801
0.5880162
1.143465
1.480433
2.007906
1.274602
0.9112818
1.2528
1.284748
0.8674477
1.268425
1.347823
1.147392
1.225379
2.152676
0.65621
0.6781419
0.779106
0.8339753
0.8793087
1.225794
0.8544912
0.9905586
0.7774736
0.8532973
0.8982939
1.074873
0.7066978
1.271942
0.9046907
1.070157
0.4897818
1.061288
1.02097
1.35055
1.116026
1.439274
1.670841
0.8654374
0.9144226
1.075934
0.9741958
2.467219
1.429164
1.49413
1.065494
1.183546
1.045251
1.437192
0.6770106
1.083008
0.8996829
1.150128
1.898614
1.509136
1.166584
1.38161
1.30249
0.8227978
0.6965572
0.8276025
0.9306927
1.536635
1.063824
1.442895
0.9276604
0.8394098
1.055579
1.286389
1.168483
1.164438
0.8865799
1.089902
1.021091
0.7952727
0.7939838
1.099597
1.098891
0.9658992
1.465605
0.6976488
0.4011848
0.8901577
0.7017388
0.7053049
0.9652194
0.7805486
1.075476
1.263961
0.9255585
0.7973545
0.7884507
0.8924539
1.575089
1.159686
0.6031432
1.071884
1.135223
0.7085743
0.754189
0.453763
0.5022739
0.7924139
1.147853
0.6758181
0.5562061
0.5681423
0.6648409
1.035271
0.7193361
1.115208
1.291749
0.8413791
0.6351367
0.848122
1.191829
1.444199
0.9317176
0.8395698
1.141113
1.667217
1.49583
1.280755
1.36013
1.812573
0.6698485
1.10024
1.317474
1.234238
1.291959
1.158089
1.715017
1.418472
1.54924
1.757119
1.162735
1.090625
0.735513
0.8083198
1.025984
0.6696158
0.9887122
1.082275
1.870665
0.871696
0.4921495
1.38493
1.443728
1.370755
1.371082
1.761395
1.164879
1.591322
1.370153
2.394063
1.440924
1.471832
1.483938
1.455409
1.332528
1.033608
1.737891
1.633104
1.440593
0.6196195
0.7543148
1.21595
1.316937
1.61984
1.788574
1.387657
1.327163
1.031149
1.171108
1.266292
1.21903
1.143683
0.5002034
0.6432756
0.9531333
0.8706588
1.024245
1.174248
1.597323
1.06782
0.4589971
0.4566956
0.7324666
0.6038516
0.7400947
1.136548
1.084335
1.162149
0.8579441
1.092174
1.218152
1.209399
1.242141
1.781818
1.626242
1.574281
1.079513
0.4439696
0.7962592
0.6769266
0.7210354
0.6923447
0.2800238
0.4463094
0.2740214
0.2722998
0.514933
0.4974423
0.4362546
0.4993004
0.6137478
0.594299
0.5875575
0.640369
0.7451408
0.6509663
0.7273322
0.8270664
0.7524242
0.9761176
0.9590651
0.7816564
0.828638
1.115039
1.662144
0.9215755
0.7086611
0.7066662
1.091744
1.084139
0.9821588
0.8410195
0.7537069
0.4472642
0.4534236
0.4627932
0.5866117
0.9852005
0.8759091
0.6935447
1.040636
0.8924358
0.8009959
0.4070693
0.568923
0.8932021
1.24721
1.540189
0.5722679
0.6166603
1.138445
0.7852325
0.8795732
1.704451
1.236471
0.865591
0.876147
1.128899
1.207667
0.9356935
1.111722
0.8301735
1.823006
1.294539
1.029387
0.7204741
0.5826708
0.6780844
0.8969685
0.8004619
0.7851711
0.6992589
0.8415515
1.02203
1.438592
1.561256
1.197351
1.759496
1.309852
1.029951
1.077741
1.194384
0.9417526
0.8619303
0.8278222
0.915969
1.393493
1.234716
1.398941
1.214873
0.6045383
0.8986731
0.5692597
0.4369118
0.4890074
0.2962614
0.3974029
0.9012828
0.9319867
0.8921789
1.445186
1.23365
0.561038
0.5617473
1.034614
1.019116
1.010112
1.462475
0.9662704
1.061867
0.7927816
1.097324
0.5551779
0.5412026
1.149014
0.9298505
0.7984518
0.6934966
1.966144
1.120423
1.257261
1.104886
0.7957281
0.8830681
1.282095
1.860956
0.9169243
0.7433148
0.7905856
1.27444
1.553994
0.7545227
0.9698789
0.5487853
0.6623101
0.4648118
0.8171911
0.7296694
1.048981
0.9948997
0.7519624
0.873918
0.7033552
0.5993977
0.7904743
0.948549
1.105742
1.727959
1.538562
1.436468
1.427269
1.123508
1.328061
1.415755
0.8263821
1.047517
0.6905185
1.399323
0.9723785
1.233732
1.312064
0.8276348
1.169412
1.002666
1.182173
1.225452
0.8580444
1.253638
1.188212
0.9526816
0.7541255
0.6939328
0.9743471
0.8160204
0.6262245
0.8236798
1.025803
1.144457
0.7281429
0.9050852
1.091511
0.9898119
1.092531
1.152798
1.15286
1.134876
0.7413136
1.456839
1.392253
1.05351
0.9344089
1.668003
1.364681
1.300679
0.8767085
0.66044
0.8144922
1.195359
1.182927
0.927242
1.159984
1.305489
1.153295
1.521985
2.147378
1.319482
0.9094205
0.7697717
1.207694
1.293724
0.9277146
1.744371
1.168201
0.9339348
0.5564784
1.305508
1.249956
0.924405
0.7346448
0.4908162
0.8178458
2.124635
1.817462
2.260797
1.884623
1.481914
1.156694
0.8159876
0.9630737
1.131961
1.135831
0.7936321
0.9861206
0.7537484
1.275164
0.946536
0.8901463
0.8744915
1.201983
1.609764
1.425886
1.374279
2.465931
1.429331
0.7556128
1.059425
0.935895
1.033106
1.179289
1.180341
1.302353
1.151707
1.167349
0.919226
1.227478
1.430744
1.2952
1.245698
0.9840451
1.384545
1.205947
0.9231291
0.7511947
0.4534082
0.5776135
0.5623705
0.8079799
0.9934669
1.696794
1.064534
0.9385908
0.7875367
0.8372931
0.851689
0.8701038
0.9267095
1.468315
1.592395
1.384396
1.413249
0.7858628
0.9142629
0.892507
0.7300078
0.8228451
1.074759
1.191653
1.194656
1.321142
2.588017
1.366788
1.160845
0.7671819
0.9151658
1.492557
1.298478
1.28209
1.414174
1.067289
1.051025
1.11158
1.2129
1.226385
1.86568
1.078985
1.212482
1.867283
2.046015
1.594628
1.26698
1.972156
2.316063
1.332959
0.9278504
0.9820159
1.20173
1.374167
1.273351
0.6812687
0.8310672
1.567579
2.361137
1.408894
1.747535
1.057214
0.8460423
0.6067474
0.7997355
1.929059
1.333735
2.62409
1.519885
1.747249
1.054489
0.9111927
0.9747507
1.428794
1.216003
1.117644
1.201627
0.9414874
0.8531699
1.08259
1.30665
1.080987
0.8189315
1.561625
0.8296104
0.7541778
0.8964975
1.027553
1.207747
1.259247
1.193347
1.055986
1.360083
1.200791
1.328305
0.8929625
0.62376
0.4038251
0.6542911
1.103053
1.653703
1.079297
0.9025787
0.4549275
0.3835359
0.3373718
0.3954439
0.467514
0.5783611
0.9094555
0.785345
1.664741
1.272987
0.9006921
0.6223415
0.6093445
0.8651542
1.260807
0.7057965
0.780722
0.8793613
0.8292938
1.620403
1.384655
1.086382
1.13032
1.223161
1.571683
0.4378355
0.4539182
0.432283
0.2931824
0.3990435
0.7666936
0.9388136
0.7288868
0.6094859
0.5112539
0.979587
1.003772
0.8929107
1.205666
0.8921331
0.8177948
1.484348
0.851354
1.715889
1.254826
1.210638
0.6380412
0.6671175
0.3577265
0.2460494
0.2361545
0.3596902
0.4175294
0.9064016
1.322213
1.391339
1.266393
1.701417
2.036623
1.668511
1.140592
1.484019
1.607892
1.656591
1.341715
1.156914
0.8922365
0.8875998
2.03335
1.736311
1.181822
1.022737
1.028154
1.399906
1.063937
1.319309
1.678942
1.521965
1.529143
1.446962
1.475693
2.002771
2.426007
1.668351
1.57233
1.318371
1.756438
1.837733
1.262471
1.079131
0.8199418
0.791279
0.8152188
0.7553431
0.7526918
0.817554
1.090892
1.24717
1.318643
1.335684
2.002936
1.754065
1.376905
1.089827
1.536969
1.537175
1.411918
1.08568
1.045842
0.7837078
0.9394571
0.6946942
0.5221466
0.3222592
0.3804689
0.3959744
0.7959939
0.8633542
1.141591
1.292174
1.459476
1.386319
0.9755966
0.8850642
1.109094
0.8922649
0.963554
0.8159732
0.7508174
1.558603
1.217466
1.665467
1.265199
1.29413
1.466462
1.297924
0.6050022
1.095593
0.8479974
1.567909
1.174406
1.156054
1.14034
0.8028284
0.9652399
1.218371
1.262833
1.449699
1.679326
1.229917
1.032863
0.759047
0.4934779
0.4328226
0.4189986
0.8165871
0.9765541
1.014554
1.53028
1.490051
1.557215
1.717175
1.441595
0.9727486
0.5541806
0.558066
0.4900667
0.5516931
0.9041506
1.176749
0.6297562
0.6108449
0.5547339
0.782593
0.7161064
1.151945
1.541211
0.9652421
1.451631
1.059376
0.762468
0.9772075
1.679355
1.365953
0.8237276
1.25334
0.9184817
0.7174206
0.8433168
0.4945625
0.6394785
0.9531032
1.081518
1.285224
1.183053
0.8162327
1.075918
0.8692439
0.923229
1.186401
2.108714
1.623203
1.417991
1.000004
1.080484
1.27221
1.101833
0.5783826
0.5461645
0.6949316
0.6462683
0.7799042
1.024385
0.3593425
0.2665024
0.2402524
0.3442064
0.3667912
0.508651
0.315659
0.50715
0.5134061
0.3466662
0.2512222
0.1403727
0.1865081
0.2039079
0.2375117
0.232807
0.3383145
0.3616355
0.556409
0.3830864
0.551242
0.5285749
0.3417315
0.1718442
0.2283882
0.3894545
0.3376669
0.155357
0.3666772
0.5982996
0.5186286
0.3956477
0.439011
0.8176709
0.9639137
0.8194904
0.696943
0.5364642
0.4255825
0.7193648
0.8795893
0.6109729
0.4717119
0.5595769
0.5907371
0.5882261
0.6130874
0.9250791
0.784897
1.013671
0.8299711
0.6402707
0.7291442
0.6369758
0.3151426
0.324499
0.4322972
0.5328088
0.3837303
0.3960186
0.5067791
0.801142
0.9468167
0.5576345
1.083278
0.6756112
0.7431758
0.4012713
0.6802558
0.5868754
0.5428546
0.7980038
0.6042612
0.7279314
0.7925946
0.5076575
0.743791
0.8429
0.9328467
1.281014
1.298037
1.771331
1.30993
0.9061962
0.9275024
0.407311
0.2717287
0.6002208
0.5011709
0.4719522
0.7279268
0.5710483
0.7663077
0.8233386
0.3078916
0.3462832
0.30484
0.3945765
0.4817183
0.3432236
0.2613718
0.2647533
0.2659225
0.2753024
0.1294714
0.148969
0.2152645
0.2881304
0.3260881
0.2302703
0.1959935
0.2662035
0.4028686
0.5474114
0.491412
0.4912154
0.4788675
0.5856911
0.9654388
0.7063967
0.7597668
0.5817646
0.8234203
0.7259081
0.4598375
0.4912438
0.4420066
0.6247965
0.5904272
0.7906833
0.5907378
0.8366384
0.5379931
0.450784
0.2786905
0.3333566
0.2669552
0.3485857
0.3970346
0.7589263
0.5745842
0.4660472
0.3455015
0.2988797
0.347601
0.4888904
0.3532297
0.4328129
0.6498784
0.6472517
0.4798164
0.3491749
0.3274386
0.4616532
0.6216497
0.6365484
0.8131076
1.123026
0.6182073
0.4784519
0.7519001
0.3768522
0.5595184
0.594616
0.8961526
1.285321
1.462085
2.002821
0.7412454
0.4325495
0.176178
0.2448791
0.311485
0.5964388
0.7611899
1.162549
1.097329
0.9028355
0.9904907
0.9517432
0.7197712
0.4365332
0.357051
0.3972635
0.4989343
0.4604174
0.5925143
0.6114951
0.2885164
0.2308316
0.2389467
0.2517364
0.2081653
0.4386179
0.6238198
0.8825196
0.7345848
1.02153
1.247193
0.9324885
2.422718
1.098841
0.8816662
1.153973
0.887136
1.297349
0.6288996
0.8372406
0.4558738
0.3948146
0.2841088
0.3534735
0.3879714
0.8431824
1.358399
1.277155
0.7362932
0.7090851
0.3510337
0.3461744
0.4258775
0.9001222
0.8286718
0.5103548
0.4103359
0.4839228
0.5939148
0.5339845
0.6328065
0.5974643
0.6834389
0.5463168
0.7716191
0.7516145
0.8883103
0.6141133
0.8193569
1.344599
1.453285
0.6751436
0.6343763
0.9144538
0.9472119
0.5002533
0.6160855
0.3389378
0.320793
0.2188339
0.122406
0.1026612
0.1885408
0.4098637
1.409978
0.7162542
0.4164586
0.4346923
0.5375966
0.7682441
0.8911034
1.258547
0.6897951
0.6913617
0.5628558
0.5652872
0.8386829
0.6875084
0.5080571
0.4008191
0.5571055
0.3867203
0.3418131
0.3326819
0.392462
0.2811765
0.2601605
0.2765397
0.174493
0.2224934
0.1894884
0.2709338
0.2906261
0.2902265
0.4110746
0.21162
0.1767253
0.2185308
0.2707738
0.3047839
0.4101299
0.5943499
0.5066686
0.3965071
0.5210361
0.5419669
0.831969
0.6063007
0.5155946
0.4518262
0.2127745
0.2268327
0.1393538
0.09461586
0.08315962
0.1389278
0.1676311
0.107895
0.1714594
0.3357509
0.239453
0.2072938
0.1433806
0.2381494
0.2176741
0.2735541
0.2797412
0.41029
0.3305676
0.6509552
0.9703106
1.001973
0.9984648
0.7987535
1.027627
0.9122181
0.5382234
0.7532859
1.002589
0.675386
0.5352207
0.65156
0.7996608
0.4655541
0.4368971
0.4020213
0.8087238
0.8632185
0.9185442
0.4717892
0.3477862
0.2821212
0.2147882
0.3295158
0.3906416
0.8153856
1.204027
0.8593268
0.5803557
0.5029197
0.5255409
0.5824174
0.4004586
0.2895214
0.4207432
0.2727517
0.2386873
0.2521446
0.4597826
0.6521707
0.7098181
0.6535196
0.6154005
0.5653117
0.5163673
0.4874507
0.6657728
0.4533043
0.5574769
0.3583958
0.4726334
0.729958
0.5931858
0.5664833
0.3755682
0.3401166
0.3030014
0.2692188
0.7454683
0.4358587
0.2806262
0.3767508
0.4856866
0.4142488
0.3306263
0.1984606
0.1735475
0.3135937
0.2164695
0.2480288
0.3574547
0.3938094
0.5008285
0.6029522
0.4517604
0.4428535
0.2170368
0.2781577
0.2996102
0.2785952
0.2868385
0.3477278
0.6425353
0.4173909
0.4728819
0.4373746
0.3965536
0.2947453
0.3453082
0.2704027
0.4481923
0.5525642
0.4404375
0.722395
0.7232012
0.5266543
1.051645
0.8073727
0.5854466
0.5796273
1.049567
0.8361284
0.8679547
1.431982
0.8469117
1.134979
0.8413549
0.9590309
1.156674
0.9436256
0.5672908
0.4401945
0.7062606
0.6302019
0.2496144
0.2302441
0.2554608
0.1651679
0.2453587
0.1968154
0.431474
0.5116161
0.2789132
0.2301915
0.2698072
0.2672057
0.2126744
0.1584682
0.2113563
0.09900005
0.1583698
0.2771817
0.5396812
1.243466
0.9604103
1.178742
1.404362
1.818604
1.382465
0.8909916
1.07284
0.5364983
0.5634822
0.3059142
0.3761857
0.3289644
0.2458698
0.2401739
0.1706158
0.1707794
0.204793
0.2003748
0.2270652
0.3862039
0.2447994
0.3599787
0.4144409
0.5229896
0.4459228
0.3947001
0.3362156
0.6311857
0.6037558
0.5840793
0.4719278
0.5585093
0.4351993
0.3955213
0.3655904
0.4859108
0.4424138
0.2864859
0.5210229
0.586863
0.7147553
0.5144887
0.4925928
0.5252031
0.7676481
0.8726474
0.4733499
0.8945646
1.049849
0.6047528
0.7167042
0.4483835
0.5202816
0.425631
0.4204156
0.5194923
0.2735237
0.3687163
0.2699806
0.2539669
0.3777644
0.3451665
0.6093864
0.7232443
0.5033161
0.8264797
0.550748
0.5644553
0.5172152
0.2662085
0.3122516
0.9445461
1.043589
0.8192433
0.6676049
1.049096
1.670984
0.6136573
0.6003053
0.5663256
0.7563202
1.222709
1.131328
0.8389832
0.4844531
0.3731443
0.3330642
0.2545627
0.3684762
1.41376
0.5381498
0.5880445
0.6556189
0.9023287
0.509047
0.4172564
0.3429616
0.2776714
0.3056537
0.3125906
0.2534582
0.2766192
0.182035
0.2088928
0.1252843
0.1248225
0.2452442
0.295185
0.2186126
0.5152078
0.2505146
0.4043187
0.4644322
0.7168398
1.1846
0.7582227
0.8854495
0.7396667
0.8627178
1.677045
1.067575
0.6184486
0.5704725
0.5968251
0.67277
0.5955236
0.5682889
0.5295915
0.6228338
1.009216
0.5975976
0.7009594
0.6342963
0.7974801
0.9367104
0.9937406
1.212252
1.254719
0.9294799
0.8223933
1.345586
0.6517388
0.7051242
0.7084144
1.331107
0.8524266
1.083941
1.191781
1.19303
0.6942169
0.9912263
0.8645925
1.557766
1.349271
1.013447
0.7364918
0.8604266
0.5411732
0.4291505
0.2696857
0.5917335
0.7879489
1.504904
2.001157
1.185916
1.440783
0.8310944
0.7962175
0.4728206
0.715441
0.6421039
0.5617095
0.3873311
0.3594824
0.4373858
0.4594657
0.7026997
0.6583944
0.4133609
0.7540145
0.5242164
0.5454538
0.4691931
0.4000695
0.6247757
0.6035251
0.3789224
0.3276742
0.3408807
0.4895504
0.4642283
0.637739
0.4654338
0.5268533
0.6271256
0.6489455
1.17591
1.371939
0.6258161
0.784044
0.5630156
0.8597562
1.160147
1.151507
1.493613
0.9896791
1.067995
1.212185
1.686765
0.8289206
1.14849
0.6022665
0.7111582
0.8272569
1.054128
0.7342715
0.9077788
0.9654627
0.4051824
0.4754002
0.2933307
0.6134199
0.8842884
0.5251969
0.2584088
0.5050215
0.786054
0.8473977
1.045014
0.9144487
0.659402
0.6488056
1.066679
0.5805652
0.4344927
0.5264805
0.2647253
0.2152117
0.1376924
0.1939631
0.171675
0.2822423
0.1966355
0.1864112
0.279001
0.1464891
0.0991924
0.2070685
0.2461275
0.2076746
0.2361651
0.5005842
0.6004004
0.3865034
0.2823209
0.2773921
0.33665
0.4047823
0.3438364
0.3716419
0.2515397
0.2190752
