0.5030927 2.685586e-05
0.5068021 2.630741e-05
0.5056821 2.58759e-05
0.5039775 2.573386e-05
0.4982796 2.551882e-05
0.4955448 2.570098e-05
0.494599 2.566559e-05
0.4924324 2.591952e-05
0.4951232 2.58954e-05
0.5017255 2.578361e-05
0.501019 2.613158e-05
0.4941424 2.63145e-05
0.495687 2.624805e-05
0.4990506 2.579729e-05
0.5002835 2.575268e-05
0.4994003 2.556713e-05
0.4983841 2.537067e-05
0.496548 2.53444e-05
0.5007629 2.549764e-05
0.496208 2.585653e-05
0.4912872 2.592374e-05
0.4896048 2.599396e-05
0.4921785 2.633892e-05
0.4938497 2.602872e-05
0.4916181 2.608069e-05
0.4976075 2.578555e-05
0.502448 2.565425e-05
0.5038232 2.563258e-05
0.497415 2.603038e-05
0.4978739 2.571431e-05
0.495657 2.546926e-05
0.4969047 2.520602e-05
0.4988226 2.51028e-05
0.5037861 2.480095e-05
0.4996934 2.467793e-05
0.5015653 2.461007e-05
0.4981718 2.457898e-05
0.4995308 2.449278e-05
0.4972491 2.462279e-05
0.4973351 2.427451e-05
0.497374 2.419195e-05
0.5056893 2.399829e-05
0.5125263 2.392747e-05
0.5172584 2.339643e-05
0.5107419 2.307315e-05
0.5098979 2.299748e-05
0.515288 2.288101e-05
0.515226 2.262497e-05
0.5122644 2.292369e-05
0.5121734 2.33268e-05
0.5124297 2.357887e-05
0.5139199 2.37925e-05
0.514518 2.392427e-05
0.5123286 2.382293e-05
0.5158521 2.362982e-05
0.519946 2.332357e-05
0.5172611 2.375631e-05
0.5122327 2.354767e-05
0.5164879 2.352148e-05
0.5149477 2.365796e-05
0.5141541 2.326663e-05
0.5135846 2.28057e-05
0.5142732 2.311895e-05
0.5127912 2.338072e-05
0.5126099 2.339777e-05
0.5194044 2.331793e-05
0.5228494 2.321997e-05
0.5266495 2.321344e-05
0.5257476 2.307913e-05
0.5310848 2.324677e-05
0.5334328 2.305887e-05
0.5364804 2.290748e-05
0.5332186 2.304846e-05
0.5361059 2.370502e-05
0.5404096 2.371104e-05
0.5358028 2.348051e-05
0.5337336 2.393876e-05
0.5415389 2.378565e-05
0.5368602 2.34332e-05
0.541382 2.330059e-05
0.5367842 2.330447e-05
0.5376416 2.31433e-05
0.5384825 2.282957e-05
0.5395994 2.305932e-05
0.539692 2.308894e-05
0.5447834 2.296169e-05
0.5484259 2.275601e-05
0.5485501 2.285679e-05
0.5482515 2.298549e-05
0.545921 2.364296e-05
0.5473247 2.347741e-05
0.5471095 2.293609e-05
0.5470186 2.28903e-05
0.5489728 2.249034e-05
0.5480987 2.224035e-05
0.5458127 2.228633e-05
0.5480864 2.233614e-05
0.541737 2.254026e-05
0.5389138 2.230287e-05
0.542597 2.209438e-05
0.5391113 2.167819e-05
0.5398525 2.199227e-05
0.5358093 2.171192e-05
0.5355276 2.168772e-05
0.5336452 2.182703e-05
0.5319221 2.20235e-05
0.5318225 2.197684e-05
0.5323926 2.219265e-05
0.525791 2.197223e-05
0.5277381 2.160113e-05
0.5272932 2.147006e-05
0.5270448 2.118438e-05
0.5357802 2.132103e-05
0.5351528 2.099334e-05
0.5349768 2.077853e-05
0.5402318 2.081039e-05
0.5441452 2.130775e-05
0.5454747 2.156969e-05
0.5448238 2.153571e-05
0.5441731 2.166795e-05
0.5468667 2.164065e-05
0.5534533 2.156684e-05
0.5517543 2.156121e-05
0.5488528 2.159997e-05
0.5484543 2.13686e-05
0.546015 2.165409e-05
0.5457108 2.159868e-05
0.54266 2.144798e-05
0.5447728 2.125941e-05
0.5476516 2.112207e-05
0.5507456 2.140779e-05
0.5514972 2.159769e-05
0.550705 2.167548e-05
0.5564245 2.143397e-05
0.5558774 2.141891e-05
0.561709 2.13655e-05
0.5634062 2.16369e-05
0.5624561 2.165898e-05
0.5642212 2.142768e-05
0.563368 2.138777e-05
0.5621819 2.081338e-05
0.5579921 2.078106e-05
0.5570827 2.039428e-05
0.5582291 2.0294e-05
0.5573977 2.018723e-05
0.5543143 2.017626e-05
0.5469989 1.982694e-05
0.5508298 1.997237e-05
0.5490828 1.961428e-05
0.5509499 1.964243e-05
0.549094 1.962476e-05
0.5500659 1.957836e-05
0.5562686 1.961961e-05
0.5547197 1.929427e-05
0.5513731 1.945928e-05
0.5472103 1.926571e-05
0.5480968 1.957019e-05
0.5470711 1.969458e-05
0.546236 1.993453e-05
0.5442113 2.021994e-05
0.5463274 2.014795e-05
0.5480006 2.037176e-05
0.5482214 2.016501e-05
0.554299 2.022597e-05
0.5564393 2.029193e-05
0.5528166 2.029498e-05
0.5515255 2.025685e-05
0.5516013 2.012198e-05
0.5484249 2.022117e-05
0.5531155 2.006313e-05
0.5551731 2.046868e-05
0.5532295 2.032283e-05
0.5542724 2.023366e-05
0.5520468 2.023757e-05
0.5472382 2.043436e-05
0.5498251 2.038433e-05
0.5523816 2.028984e-05
0.5515702 2.004776e-05
0.5601541 2.001685e-05
0.5596739 2.016536e-05
0.5604676 2.044849e-05
0.555084 2.025402e-05
0.5586606 2.002768e-05
0.5555115 2.003328e-05
0.5521538 1.979252e-05
0.5512887 1.96178e-05
0.5499734 1.988594e-05
0.5503078 1.972812e-05
0.5485207 1.95509e-05
0.5487444 1.922545e-05
0.5452923 1.945545e-05
0.5437116 1.963158e-05
0.5503903 1.961741e-05
0.54871 1.951019e-05
0.5471826 1.964774e-05
0.5481734 1.959734e-05
0.549313 1.94848e-05
0.5504761 1.958223e-05
0.5512688 1.940411e-05
0.5485037 1.945505e-05
0.5520401 1.918645e-05
0.5511523 1.89887e-05
0.5460585 1.876147e-05
0.5474117 1.887234e-05
0.5457211 1.908718e-05
0.5479514 1.895155e-05
0.5500263 1.889743e-05
0.5470894 1.910228e-05
0.5431226 1.880219e-05
0.539403 1.836809e-05
0.5387514 1.836943e-05
0.5367235 1.825329e-05
0.538509 1.831261e-05
0.5424362 1.848556e-05
0.5448975 1.854889e-05
0.5417714 1.82337e-05
0.5438897 1.829412e-05
0.5452135 1.849239e-05
0.5439816 1.852028e-05
0.5489545 1.861423e-05
0.5434296 1.851105e-05
0.5432718 1.872698e-05
0.5434126 1.83694e-05
0.5418614 1.873721e-05
0.5444812 1.869434e-05
0.5400741 1.877163e-05
0.5378982 1.864223e-05
0.538656 1.849185e-05
0.5417713 1.882131e-05
0.5415734 1.872724e-05
0.546379 1.85912e-05
0.5436905 1.864158e-05
0.5398301 1.877205e-05
0.5423025 1.855281e-05
0.542124 1.844962e-05
0.5378641 1.872121e-05
0.5336521 1.869735e-05
0.5355552 1.875547e-05
0.5361495 1.838335e-05
0.52715 1.839626e-05
0.5231862 1.875248e-05
0.5239674 1.894015e-05
0.5261217 1.872263e-05
0.5293786 1.901734e-05
0.5334123 1.907e-05
0.5335408 1.905203e-05
0.528515 1.895241e-05
0.5245981 1.914796e-05
0.5308187 1.902007e-05
0.528985 1.87944e-05
0.5291862 1.869605e-05
0.5311245 1.873785e-05
0.5292469 1.858734e-05
0.5330187 1.880581e-05
0.5325692 1.905583e-05
0.53553 1.912738e-05
0.5411923 1.889626e-05
0.5474035 1.899793e-05
0.5478086 1.898767e-05
0.5486984 1.881814e-05
0.5508964 1.882213e-05
0.5455186 1.871382e-05
0.5493655 1.868881e-05
0.5493619 1.86471e-05
0.5453649 1.837716e-05
0.5405824 1.861662e-05
0.5423743 1.865514e-05
0.5472062 1.883519e-05
0.5503589 1.896664e-05
0.5465369 1.931562e-05
0.5434422 1.941644e-05
0.5463636 1.928613e-05
0.5467289 1.946388e-05
0.5444351 1.942314e-05
0.5437231 1.931209e-05
0.5419595 1.917932e-05
0.5404474 1.920342e-05
0.5343923 1.94326e-05
0.5373371 1.939502e-05
0.5390719 1.921055e-05
0.5353336 1.898661e-05
0.5376254 1.918325e-05
0.5328061 1.89415e-05
0.5341307 1.872516e-05
0.5317895 1.854824e-05
0.5367597 1.828844e-05
0.5298307 1.827277e-05
0.5307766 1.807367e-05
0.5281502 1.78556e-05
0.5301659 1.77546e-05
0.5281989 1.792849e-05
0.5277958 1.79768e-05
0.5251573 1.814282e-05
0.5270236 1.83117e-05
0.5249105 1.804192e-05
0.5267825 1.798671e-05
0.5310319 1.769993e-05
0.5294932 1.762455e-05
0.5307789 1.759057e-05
0.5343071 1.741662e-05
0.5323585 1.736146e-05
0.5306408 1.726442e-05
0.5306762 1.728437e-05
0.5276614 1.740209e-05
0.5294351 1.750796e-05
0.5304876 1.754767e-05
0.5380231 1.73189e-05
0.5390029 1.730535e-05
0.5443816 1.704753e-05
0.5456797 1.70403e-05
0.5420277 1.699489e-05
0.5410137 1.704616e-05
0.5417074 1.692892e-05
0.5469413 1.662982e-05
0.5482579 1.627092e-05
0.545458 1.621329e-05
0.5473899 1.631403e-05
0.5477868 1.629112e-05
0.5414254 1.646304e-05
0.5408546 1.619581e-05
0.5413965 1.65444e-05
0.5427152 1.648995e-05
0.5374596 1.652595e-05
0.5387074 1.704865e-05
0.5389265 1.748111e-05
0.5380736 1.725159e-05
0.5360782 1.689808e-05
0.5405167 1.663144e-05
0.5382731 1.669836e-05
0.5419208 1.677271e-05
0.5451958 1.686766e-05
0.5432132 1.658877e-05
0.5405961 1.660847e-05
0.5414414 1.677386e-05
0.5419083 1.693563e-05
0.5457413 1.674184e-05
0.5397416 1.681033e-05
0.5427302 1.691896e-05
0.5469126 1.67786e-05
0.5482244 1.640794e-05
0.5430151 1.620192e-05
0.540745 1.610463e-05
0.5397174 1.614481e-05
0.5456055 1.608128e-05
0.5424673 1.59019e-05
0.5420991 1.587822e-05
0.5396396 1.6182e-05
0.540435 1.5852e-05
0.5440417 1.591369e-05
0.547992 1.557673e-05
0.5537093 1.560851e-05
0.5558998 1.575683e-05
0.5604515 1.567517e-05
0.563085 1.540827e-05
0.5521054 1.537551e-05
0.5510832 1.552939e-05
0.5544933 1.542625e-05
0.5576565 1.526788e-05
0.5621721 1.521157e-05
0.5605527 1.502632e-05
0.5607356 1.5157e-05
0.5622936 1.534441e-05
0.5633681 1.560037e-05
0.5589629 1.55899e-05
0.5655502 1.54722e-05
0.5714771 1.523429e-05
0.5714464 1.529809e-05
0.5725372 1.543626e-05
0.5714292 1.551759e-05
0.5717181 1.561246e-05
0.5646174 1.579428e-05
0.5605587 1.594554e-05
0.5659599 1.588529e-05
0.5624734 1.605298e-05
0.5628094 1.564676e-05
0.5664731 1.549202e-05
0.5591957 1.524693e-05
0.5591327 1.512442e-05
0.5582936 1.525337e-05
0.5593683 1.53155e-05
0.5523887 1.526042e-05
0.5500215 1.523454e-05
0.548438 1.524102e-05
0.5414555 1.516006e-05
0.5438817 1.495141e-05
0.5478003 1.481395e-05
0.5564684 1.466792e-05
0.5540189 1.452146e-05
0.5614612 1.454327e-05
0.5597255 1.435432e-05
0.56059 1.445477e-05
0.5654908 1.447456e-05
0.5667649 1.435152e-05
0.56627 1.446567e-05
0.5681879 1.462417e-05
0.5712446 1.467865e-05
0.5718522 1.470265e-05
0.5734144 1.4644e-05
0.5746768 1.482281e-05
0.5778778 1.49463e-05
0.5743436 1.481373e-05
0.580717 1.48552e-05
0.5770446 1.489083e-05
0.5786993 1.490093e-05
0.5759067 1.478504e-05
0.5729734 1.462794e-05
0.5729564 1.45422e-05
0.5769997 1.456256e-05
0.5731976 1.446937e-05
0.5676468 1.435465e-05
0.5692266 1.42546e-05
0.5688994 1.401376e-05
0.5715777 1.394219e-05
0.5650715 1.405576e-05
0.5597759 1.410018e-05
0.5578501 1.420675e-05
0.5622808 1.410495e-05
0.5634981 1.420904e-05
0.5592785 1.428982e-05
0.5587932 1.425585e-05
0.5547483 1.440825e-05
0.5527924 1.44193e-05
0.5540067 1.410741e-05
0.5549527 1.41874e-05
0.5555469 1.445549e-05
0.5494805 1.446515e-05
0.5468621 1.462413e-05
0.5452237 1.476019e-05
0.5455892 1.470794e-05
0.5469651 1.517977e-05
0.5449772 1.524337e-05
0.5462854 1.51784e-05
0.5494552 1.511465e-05
0.5484019 1.517105e-05
0.5460437 1.542765e-05
0.5449118 1.550396e-05
0.546306 1.544946e-05
0.5426914 1.577505e-05
0.543138 1.600775e-05
0.5446478 1.5868e-05
0.5513629 1.592955e-05
0.5481544 1.603614e-05
0.5452377 1.605309e-05
0.5459177 1.593078e-05
0.5421511 1.598691e-05
0.5379806 1.630912e-05
0.5347256 1.632806e-05
0.5364156 1.637336e-05
0.5405377 1.641359e-05
0.5400447 1.632953e-05
0.5401162 1.634337e-05
0.5391943 1.622432e-05
0.5371458 1.608931e-05
0.5385558 1.609782e-05
0.5397579 1.607599e-05
0.5365691 1.590371e-05
0.5379914 1.572178e-05
0.5347372 1.54796e-05
0.5328759 1.539296e-05
0.537096 1.555361e-05
0.5391838 1.570694e-05
0.5385443 1.575335e-05
0.5305947 1.550434e-05
0.5297262 1.564854e-05
0.5321046 1.551393e-05
0.5350639 1.559158e-05
0.5389427 1.55365e-05
0.5406217 1.540266e-05
0.5361741 1.553491e-05
0.5339624 1.549149e-05
0.5348466 1.544519e-05
0.5369116 1.53222e-05
0.534908 1.543804e-05
0.5285787 1.552852e-05
0.5274241 1.544012e-05
0.5242256 1.547518e-05
0.5275699 1.538537e-05
0.5300856 1.533794e-05
0.5337765 1.52224e-05
0.5328906 1.545951e-05
0.5339167 1.554255e-05
0.5362193 1.557757e-05
0.5386063 1.530354e-05
0.530132 1.506236e-05
0.5281643 1.492041e-05
0.5249734 1.478332e-05
0.533485 1.502511e-05
0.5393892 1.526145e-05
0.5395408 1.55078e-05
0.5470916 1.517117e-05
0.5450921 1.538519e-05
0.5480813 1.544598e-05
0.5465532 1.533614e-05
0.5449828 1.536141e-05
0.5438183 1.537947e-05
0.5493764 1.519264e-05
0.5464137 1.523173e-05
0.5516167 1.527399e-05
0.5605892 1.518949e-05
0.5641784 1.504606e-05
0.5615032 1.51595e-05
0.5661775 1.504449e-05
0.564267 1.509282e-05
0.5636623 1.507015e-05
0.5622379 1.515335e-05
0.5635425 1.518556e-05
0.5659547 1.518622e-05
0.5743528 1.509032e-05
0.5746241 1.519782e-05
0.5736845 1.520662e-05
0.574322 1.516163e-05
0.5694269 1.524051e-05
0.5610925 1.508306e-05
0.5594709 1.495903e-05
0.5632415 1.478773e-05
0.564937 1.494757e-05
0.5626418 1.49813e-05
0.5668786 1.483553e-05
0.5626376 1.470005e-05
0.5608912 1.469255e-05
0.5618048 1.478008e-05
0.5609241 1.485706e-05
0.5656704 1.48769e-05
0.5638219 1.502384e-05
0.5659698 1.480775e-05
0.5726729 1.488429e-05
0.5742123 1.472991e-05
0.5773035 1.467554e-05
0.576576 1.469662e-05
0.5768859 1.482822e-05
0.5768971 1.483595e-05
0.5762762 1.497444e-05
0.5742421 1.490728e-05
0.5769964 1.496085e-05
0.5788914 1.471268e-05
0.5781456 1.484817e-05
0.5790788 1.489412e-05
0.5828986 1.482417e-05
0.5820557 1.462657e-05
0.5797577 1.442198e-05
0.5823104 1.422609e-05
0.584265 1.442804e-05
0.5843024 1.436021e-05
0.5863619 1.457932e-05
0.5861423 1.467127e-05
0.5831755 1.470862e-05
0.5836289 1.471641e-05
0.5836109 1.477257e-05
0.5783344 1.496804e-05
0.5763631 1.477494e-05
0.5786546 1.492868e-05
0.5823 1.521702e-05
0.5828493 1.519401e-05
0.583774 1.491095e-05
0.5760124 1.479095e-05
0.5789547 1.508255e-05
0.5759198 1.518345e-05
0.5742096 1.529304e-05
0.5723247 1.507898e-05
0.5736801 1.492394e-05
0.5674511 1.463549e-05
0.5632167 1.453619e-05
0.5627091 1.457449e-05
0.5616497 1.447893e-05
0.560803 1.459083e-05
0.5613119 1.44096e-05
0.5626469 1.442906e-05
0.5668751 1.451866e-05
0.5667597 1.429572e-05
0.5699938 1.465345e-05
0.5669633 1.455982e-05
0.5671257 1.460821e-05
0.5662876 1.461278e-05
0.5672583 1.448446e-05
0.5681679 1.450271e-05
0.5700177 1.429473e-05
0.5723458 1.410657e-05
0.5738527 1.402515e-05
0.5780189 1.377306e-05
0.5832717 1.407364e-05
0.5863205 1.405918e-05
0.5834181 1.398314e-05
0.5851844 1.383372e-05
0.5898907 1.384116e-05
0.592773 1.389714e-05
0.5956246 1.358335e-05
0.5946183 1.35474e-05
0.6011944 1.365181e-05
0.5978481 1.360537e-05
0.6045373 1.376592e-05
0.5987048 1.365197e-05
0.5974181 1.361455e-05
0.6007539 1.38548e-05
0.5977287 1.389155e-05
0.5931438 1.37754e-05
0.5896108 1.3606e-05
0.5941121 1.36867e-05
0.5923408 1.36242e-05
0.5943303 1.333915e-05
0.5936491 1.335439e-05
0.592827 1.344644e-05
0.5952979 1.336053e-05
0.5981603 1.322679e-05
0.6037824 1.339925e-05
0.6028207 1.340855e-05
0.6101664 1.334785e-05
0.6128046 1.335535e-05
0.6121539 1.356749e-05
0.6162818 1.367762e-05
0.6186804 1.373576e-05
0.6165045 1.350315e-05
0.6157906 1.368931e-05
0.6099607 1.355518e-05
0.6062373 1.352135e-05
0.6055301 1.340351e-05
0.5994061 1.327823e-05
0.6024344 1.317241e-05
0.6070431 1.303848e-05
0.6032576 1.282222e-05
0.6096148 1.284995e-05
0.6105592 1.269607e-05
0.6128567 1.298603e-05
0.6125128 1.288627e-05
0.6133477 1.298299e-05
0.6109821 1.287319e-05
0.6083648 1.294964e-05
0.6088222 1.282631e-05
0.6110549 1.288139e-05
0.6123828 1.276361e-05
0.6103548 1.2628e-05
0.6098921 1.277526e-05
0.6130284 1.27044e-05
0.614099 1.25223e-05
0.6179098 1.264615e-05
0.6187116 1.273891e-05
0.6135376 1.265411e-05
0.614768 1.271567e-05
0.6128616 1.269923e-05
0.6104325 1.265166e-05
0.6094961 1.263059e-05
0.616349 1.272162e-05
0.6124685 1.274097e-05
0.6173834 1.291031e-05
0.6187372 1.264995e-05
0.6221185 1.261404e-05
0.619246 1.272335e-05
0.615506 1.245481e-05
0.6150379 1.259547e-05
0.6167959 1.256296e-05
0.6178148 1.264551e-05
0.6175482 1.267581e-05
0.6190131 1.265891e-05
0.61605 1.264744e-05
0.6192576 1.275996e-05
0.6193576 1.267919e-05
0.6209852 1.246497e-05
0.6277785 1.232293e-05
0.6314166 1.232079e-05
0.6254658 1.224359e-05
0.6283743 1.224958e-05
0.6325996 1.21416e-05
0.6365184 1.235126e-05
0.6327708 1.242872e-05
0.6309007 1.239122e-05
0.6298628 1.231678e-05
0.6316124 1.241714e-05
0.6222489 1.233421e-05
0.6177905 1.251283e-05
0.6175265 1.260259e-05
0.6158866 1.245891e-05
0.6153803 1.250806e-05
0.6181455 1.25097e-05
0.6113743 1.263006e-05
0.6195723 1.275132e-05
0.6193548 1.294346e-05
0.6239432 1.287208e-05
0.6304617 1.285134e-05
0.626361 1.279982e-05
0.627605 1.275348e-05
0.6261421 1.308448e-05
0.6184672 1.309276e-05
0.6186944 1.298902e-05
0.6189891 1.299553e-05
0.6217688 1.285712e-05
0.6232399 1.285509e-05
0.6203292 1.289094e-05
0.6212654 1.306486e-05
0.6217965 1.324096e-05
0.6209764 1.308583e-05
0.6139654 1.321954e-05
0.6240367 1.323324e-05
0.6186165 1.303671e-05
0.6218333 1.309501e-05
0.6227325 1.331893e-05
0.6198417 1.320071e-05
0.6125491 1.318817e-05
0.6052674 1.320574e-05
0.6041961 1.315175e-05
0.602708 1.312337e-05
0.6009462 1.311852e-05
0.594549 1.303412e-05
0.6024939 1.307587e-05
0.6047423 1.306149e-05
0.6103628 1.302376e-05
0.6129955 1.314779e-05
0.6119764 1.326187e-05
0.6093627 1.329801e-05
0.6087504 1.321379e-05
0.6107504 1.283707e-05
0.6077456 1.278434e-05
0.6076284 1.26284e-05
0.6043269 1.239477e-05
0.604666 1.255261e-05
0.6089394 1.249603e-05
0.6113884 1.259974e-05
0.6149947 1.264835e-05
0.617788 1.263754e-05
0.6164494 1.249161e-05
0.6164415 1.259174e-05
0.6081392 1.254013e-05
0.6058091 1.260086e-05
0.612464 1.236264e-05
0.6137433 1.248612e-05
0.6124242 1.257117e-05
0.6098106 1.247542e-05
0.6140718 1.230861e-05
0.6160078 1.219568e-05
0.6195906 1.230383e-05
0.6261553 1.242328e-05
0.629701 1.242134e-05
0.631666 1.237014e-05
0.6293214 1.237687e-05
0.630272 1.217923e-05
0.6364403 1.231337e-05
0.6382499 1.227201e-05
0.6358354 1.229983e-05
0.6372718 1.231607e-05
0.636291 1.22925e-05
0.6403027 1.218462e-05
0.6433819 1.209763e-05
0.6416024 1.225858e-05
0.6392584 1.213266e-05
0.636956 1.220921e-05
0.6279583 1.232419e-05
0.6234991 1.243062e-05
0.6274952 1.23978e-05
0.6316954 1.235879e-05
0.6293148 1.23305e-05
0.6296805 1.245054e-05
0.6275938 1.239831e-05
0.6330694 1.248326e-05
0.6301743 1.226907e-05
0.6339414 1.226851e-05
0.6370714 1.226178e-05
0.6390921 1.211367e-05
0.6454371 1.206101e-05
0.6465249 1.207416e-05
0.6494876 1.177371e-05
0.6471925 1.157374e-05
0.6503253 1.163189e-05
0.6494542 1.139826e-05
0.6523435 1.146495e-05
0.6570988 1.153257e-05
0.6560745 1.158312e-05
0.6554327 1.147129e-05
0.6505684 1.167462e-05
0.6521427 1.169513e-05
0.6512375 1.184243e-05
0.6483638 1.201211e-05
0.6501736 1.214365e-05
0.6484452 1.211697e-05
0.6477659 1.218343e-05
0.6474627 1.22377e-05
0.6442108 1.203023e-05
0.6394184 1.195293e-05
0.6373392 1.194654e-05
0.6379804 1.168552e-05
0.6393072 1.176337e-05
0.6410026 1.189756e-05
0.6416302 1.188799e-05
0.6462436 1.184403e-05
0.6455434 1.202174e-05
0.6442111 1.192103e-05
0.6429872 1.193048e-05
0.6324527 1.195536e-05
0.632683 1.209767e-05
0.6366776 1.214748e-05
0.6342559 1.195533e-05
0.6314319 1.206675e-05
0.6334587 1.21515e-05
0.633509 1.228364e-05
0.6326985 1.216189e-05
0.6324221 1.213758e-05
0.6332904 1.20314e-05
0.6359843 1.210334e-05
0.6364238 1.226904e-05
0.6332399 1.224378e-05
0.6331746 1.227581e-05
0.6384571 1.212115e-05
0.6376163 1.213173e-05
0.6410369 1.214054e-05
0.6422831 1.221311e-05
0.644776 1.221259e-05
0.6465011 1.21333e-05
0.6441929 1.222418e-05
0.6412511 1.226184e-05
0.6394575 1.228567e-05
0.6387148 1.218659e-05
0.6355797 1.208028e-05
0.6345503 1.212515e-05
0.6326081 1.221486e-05
0.6303018 1.219922e-05
0.6240642 1.21185e-05
0.6267045 1.189756e-05
0.6294841 1.184041e-05
0.6244575 1.199237e-05
0.6214252 1.211535e-05
0.6182543 1.221722e-05
0.6204597 1.239428e-05
0.6141712 1.236822e-05
0.6099425 1.25869e-05
0.6081683 1.274221e-05
0.6029682 1.292508e-05
0.6043434 1.291321e-05
0.6022995 1.284406e-05
0.5997368 1.26455e-05
0.6052616 1.255637e-05
0.6073787 1.252595e-05
0.6047811 1.25818e-05
0.6073465 1.28429e-05
0.6151611 1.299502e-05
0.6129831 1.29843e-05
0.6109406 1.310522e-05
0.612097 1.29838e-05
0.60536 1.325107e-05
0.6065216 1.314905e-05
0.6046358 1.296388e-05
0.599349 1.292357e-05
0.6049853 1.295442e-05
0.6041897 1.308228e-05
0.609482 1.309737e-05
0.6040203 1.312904e-05
0.6023037 1.316958e-05
0.6034116 1.320569e-05
0.6024418 1.305723e-05
0.6005941 1.278427e-05
0.5973777 1.274062e-05
0.6024724 1.285752e-05
0.6069546 1.284791e-05
0.6033818 1.283726e-05
0.5972782 1.286682e-05
0.5891854 1.301136e-05
0.5870722 1.312918e-05
0.582571 1.307576e-05
0.5838304 1.330286e-05
0.5827468 1.346332e-05
0.583875 1.337507e-05
0.5872519 1.358725e-05
0.5812719 1.357198e-05
0.5805617 1.353452e-05
0.5781308 1.342851e-05
0.5771935 1.349008e-05
0.5780037 1.341445e-05
0.5815065 1.366795e-05
0.5837166 1.364128e-05
0.5853139 1.357139e-05
0.5841786 1.354412e-05
0.5868216 1.341168e-05
0.5905485 1.355312e-05
0.5925989 1.33873e-05
0.587155 1.329558e-05
0.5894962 1.341986e-05
0.5955962 1.331894e-05
0.5927974 1.310764e-05
0.5988141 1.310132e-05
0.5976869 1.304632e-05
0.5956027 1.304358e-05
0.596683 1.298593e-05
0.5955343 1.284108e-05
0.592549 1.308972e-05
0.5936735 1.310181e-05
0.5999856 1.310405e-05
0.5998076 1.320309e-05
0.6000059 1.31359e-05
0.59307 1.300897e-05
0.5846247 1.307822e-05
0.5811915 1.298527e-05
0.5804547 1.288871e-05
0.5802912 1.286211e-05
0.5809015 1.276807e-05
0.574966 1.277544e-05
0.5756057 1.276426e-05
0.5828569 1.2982e-05
0.5791533 1.3083e-05
0.5847966 1.313638e-05
0.5852497 1.288405e-05
0.5826674 1.279471e-05
0.5816854 1.283232e-05
0.5876336 1.256976e-05
0.5882159 1.241049e-05
0.5902356 1.272574e-05
0.5927952 1.271572e-05
0.5956259 1.266404e-05
0.5872967 1.269611e-05
0.5882968 1.27839e-05
0.5923462 1.254599e-05
0.5904955 1.241829e-05
0.5890156 1.250749e-05
0.5826193 1.251893e-05
0.5835524 1.248506e-05
0.5792163 1.240986e-05
0.5784451 1.234184e-05
0.5792964 1.240864e-05
0.5830869 1.242592e-05
0.588366 1.253436e-05
0.5893826 1.254741e-05
0.585604 1.273603e-05
0.5806208 1.272172e-05
0.5780038 1.262982e-05
0.5796565 1.261065e-05
0.580059 1.246803e-05
0.5828371 1.250442e-05
0.5842343 1.246096e-05
0.5779705 1.262319e-05
0.573994 1.250955e-05
0.5750975 1.24707e-05
0.5745731 1.255532e-05
0.5717768 1.253535e-05
0.5696395 1.269328e-05
0.5642694 1.270997e-05
0.5608602 1.269829e-05
0.5621383 1.293945e-05
0.5630404 1.293604e-05
0.5608882 1.288299e-05
0.5564416 1.275132e-05
0.5530628 1.26025e-05
0.5527354 1.270933e-05
0.556657 1.279591e-05
0.5619281 1.301835e-05
0.5657365 1.278147e-05
0.5664109 1.312833e-05
0.5647989 1.30705e-05
0.5643264 1.309386e-05
0.5593763 1.310798e-05
0.5621805 1.32909e-05
0.5636672 1.336008e-05
0.5633366 1.351205e-05
0.5587454 1.35113e-05
0.5551066 1.356271e-05
0.5537406 1.361393e-05
0.547587 1.360985e-05
0.5497111 1.367109e-05
0.5552322 1.367995e-05
0.5576454 1.366765e-05
0.5578085 1.38307e-05
0.5617892 1.354729e-05
0.556293 1.335156e-05
0.553493 1.345945e-05
0.5440044 1.330292e-05
0.5451781 1.326857e-05
0.5404637 1.314912e-05
0.5439038 1.292076e-05
0.5399323 1.2818e-05
0.541389 1.268957e-05
0.5421934 1.27482e-05
0.5385187 1.279655e-05
0.5403618 1.301271e-05
0.5412882 1.290094e-05
0.5456481 1.293596e-05
0.5475412 1.28738e-05
0.5464548 1.288379e-05
0.5477493 1.299401e-05
0.5539192 1.298403e-05
0.5546946 1.29502e-05
0.5576617 1.292181e-05
0.5574766 1.290866e-05
0.5558074 1.297683e-05
0.554393 1.294282e-05
0.5549057 1.288379e-05
0.5507397 1.299312e-05
0.5524229 1.294166e-05
0.552802 1.285782e-05
0.553989 1.273021e-05
0.5556003 1.280883e-05
0.5574495 1.282543e-05
0.5525123 1.281459e-05
0.5559157 1.272769e-05
0.5549109 1.272788e-05
0.5561925 1.286198e-05
0.5587442 1.285683e-05
0.5579102 1.298453e-05
0.5577436 1.31059e-05
0.5564398 1.293312e-05
0.5520198 1.290687e-05
0.5491614 1.293273e-05
0.5535128 1.285899e-05
0.5482911 1.292149e-05
0.5499198 1.290081e-05
0.545026 1.285354e-05
0.5377686 1.273565e-05
0.5366527 1.273451e-05
0.5401568 1.247579e-05
0.5403519 1.230139e-05
0.5404893 1.215359e-05
0.5412147 1.205449e-05
0.5345321 1.1887e-05
0.5362445 1.199386e-05
0.536963 1.193625e-05
0.5419892 1.202856e-05
0.5423887 1.201299e-05
0.5427354 1.192517e-05
0.550153 1.173337e-05
0.5469321 1.178732e-05
0.5438974 1.165859e-05
0.5427278 1.161285e-05
0.5430814 1.147969e-05
0.5425551 1.150864e-05
0.5423785 1.154862e-05
0.5447456 1.167789e-05
0.5454233 1.149201e-05
0.5434867 1.140533e-05
0.5376497 1.144369e-05
0.5326876 1.154941e-05
0.5317449 1.149047e-05
0.524788 1.126321e-05
0.523311 1.104825e-05
0.5238656 1.087407e-05
0.5251258 1.087727e-05
0.5209737 1.073644e-05
0.525003 1.072624e-05
0.5291311 1.063806e-05
0.5338171 1.063308e-05
0.5335292 1.055794e-05
0.5311147 1.04876e-05
0.5390225 1.062463e-05
0.5395617 1.051288e-05
0.5363298 1.063777e-05
0.5378457 1.0525e-05
0.5360436 1.035276e-05
0.5393455 1.031558e-05
0.5376413 1.031574e-05
0.5376644 1.021295e-05
0.5381169 1.011838e-05
0.5387799 1.037883e-05
0.5371592 1.040867e-05
0.5256687 1.03202e-05
0.5322048 1.031656e-05
0.5374798 1.029435e-05
0.5330287 1.023146e-05
0.5329356 1.019682e-05
0.5320374 1.031619e-05
0.5367852 1.025482e-05
0.5348255 1.037021e-05
0.5261471 1.009019e-05
0.526078 1.000375e-05
0.52204 1.001377e-05
0.5195012 1.006398e-05
0.5214405 1.00775e-05
0.5212381 1.007291e-05
0.514777 1.004338e-05
0.5160365 1.003723e-05
0.5198178 1.010495e-05
0.5123739 1.0197e-05
0.5143681 1.032411e-05
0.5125323 1.03965e-05
0.5122248 1.042715e-05
0.5136106 1.051439e-05
0.5159116 1.045485e-05
0.5192654 1.052191e-05
0.5196782 1.047196e-05
0.5231061 1.035343e-05
0.5262966 1.032968e-05
0.521154 1.039269e-05
0.5259675 1.023177e-05
0.5249504 1.013565e-05
0.5220754 1.009282e-05
0.5181087 1.002272e-05
0.5216636 1.007999e-05
0.5228225 9.982822e-06
0.5200854 9.963498e-06
0.5179326 1.017983e-05
0.5174797 1.020659e-05
0.518903 1.018099e-05
0.5193851 1.026706e-05
0.5192735 1.02103e-05
0.5216348 1.007047e-05
0.5214393 1.022608e-05
0.5203524 1.023876e-05
0.5163998 1.0391e-05
0.5140075 1.048406e-05
0.508141 1.037293e-05
0.5116195 1.043049e-05
0.5100363 1.038913e-05
0.5073498 1.047002e-05
0.5040401 1.049706e-05
0.5071626 1.053635e-05
0.5014231 1.056336e-05
0.4992134 1.060098e-05
0.4961046 1.053036e-05
0.4953583 1.043437e-05
0.4898281 1.054091e-05
0.4932574 1.061658e-05
0.4903241 1.06714e-05
0.487595 1.065779e-05
0.4884939 1.060576e-05
0.4891583 1.07318e-05
0.4881125 1.069988e-05
0.4969307 1.058337e-05
0.4974944 1.062767e-05
0.4957002 1.066359e-05
0.4947784 1.07218e-05
0.5009243 1.074968e-05
0.5006345 1.082877e-05
0.4982425 1.076775e-05
0.5026319 1.070254e-05
0.5051315 1.076343e-05
0.5042008 1.072916e-05
0.5071298 1.074083e-05
0.5126572 1.070292e-05
0.5062739 1.081365e-05
0.5093783 1.070573e-05
0.5070533 1.063401e-05
0.5087261 1.052503e-05
0.5075673 1.061922e-05
0.501595 1.073164e-05
0.5029474 1.077069e-05
0.5021063 1.073327e-05
0.504766 1.0569e-05
0.5024851 1.064398e-05
0.5001526 1.062421e-05
0.4976295 1.045868e-05
0.5000049 1.04811e-05
0.5043373 1.042803e-05
0.4999327 1.043582e-05
0.5014616 1.0506e-05
0.5012409 1.069835e-05
0.4992469 1.074037e-05
0.4996441 1.065712e-05
0.500189 1.055548e-05
0.5009836 1.064237e-05
0.5016246 1.055258e-05
0.5047272 1.049237e-05
0.5052318 1.029271e-05
0.5058347 1.023331e-05
0.5081527 1.015659e-05
0.505011 1.018105e-05
0.505845 1.00902e-05
0.5064481 1.007938e-05
0.5076262 1.007346e-05
0.5017736 1.006172e-05
0.4984009 1.018891e-05
0.4997034 1.015061e-05
0.5003279 1.01647e-05
0.5032066 1.006782e-05
0.5075296 9.981015e-06
0.5128505 9.897452e-06
0.5087594 9.849467e-06
0.5112571 9.929313e-06
0.5034469 9.945326e-06
0.5065149 9.855445e-06
0.5018755 9.942393e-06
0.5013447 9.946693e-06
0.5041471 9.969426e-06
0.5065628 1.015479e-05
0.5054543 1.024315e-05
0.5062793 1.024752e-05
0.5032585 9.885836e-06
0.5046233 9.843422e-06
0.5082399 1.000072e-05
0.5064798 1.007816e-05
0.5160861 1.007926e-05
0.5166514 1.02341e-05
0.5175109 1.029187e-05
0.5179676 1.022858e-05
0.5170902 1.017848e-05
0.5218307 1.023186e-05
0.5194666 1.029254e-05
0.5164086 1.033936e-05
0.515444 1.023189e-05
0.5131835 1.018478e-05
0.5128907 1.024989e-05
0.511402 1.034318e-05
0.5080819 1.023038e-05
0.5061828 1.030473e-05
0.5054361 1.029473e-05
0.5078466 1.02701e-05
0.5103004 1.025893e-05
0.5109336 1.023225e-05
0.5126306 1.019635e-05
0.5078965 1.000047e-05
0.5098192 1.017619e-05
0.5134495 1.017374e-05
0.5116612 1.008377e-05
0.5108879 1.027477e-05
0.5166874 1.025151e-05
0.5100973 1.027589e-05
0.5103395 1.028616e-05
0.5149608 1.02308e-05
0.5145005 1.01899e-05
0.5170708 1.02744e-05
0.5239493 1.027642e-05
0.5229724 1.034918e-05
0.5243255 1.045267e-05
0.524973 1.034703e-05
0.5252556 1.035511e-05
0.5275893 1.022555e-05
0.5326357 1.036305e-05
0.534892 1.038456e-05
0.5330164 1.040618e-05
0.5321538 1.04986e-05
0.5282868 1.054516e-05
0.5357124 1.081632e-05
0.5399973 1.084295e-05
0.5451906 1.07496e-05
0.550002 1.077461e-05
0.5470618 1.07367e-05
0.5477972 1.089468e-05
0.5478262 1.077837e-05
0.5475709 1.071481e-05
0.5433252 1.05976e-05
0.5467456 1.060538e-05
0.546612 1.060166e-05
0.546671 1.054414e-05
0.5471445 1.060254e-05
0.5464655 1.081865e-05
0.5490375 1.085264e-05
0.5520791 1.079599e-05
0.5516863 1.092706e-05
0.5530374 1.093778e-05
0.5545789 1.095186e-05
0.5529399 1.09552e-05
0.5511346 1.094904e-05
0.5484257 1.09955e-05
0.5470977 1.09892e-05
0.5443637 1.091242e-05
0.5435514 1.098421e-05
0.5426128 1.086682e-05
0.5399772 1.07621e-05
0.5375864 1.079076e-05
0.5419846 1.071691e-05
0.5483204 1.072908e-05
0.5446364 1.064291e-05
0.5457791 1.059396e-05
0.5456755 1.057572e-05
0.5500414 1.065812e-05
0.552323 1.065661e-05
0.5532386 1.071187e-05
0.5541334 1.067216e-05
0.5526493 1.081158e-05
0.5500169 1.089762e-05
0.5517235 1.0787e-05
0.5452987 1.075962e-05
0.540659 1.087454e-05
0.5393665 1.08262e-05
0.540164 1.092379e-05
0.5361065 1.105475e-05
0.5325974 1.100864e-05
0.5339101 1.099466e-05
0.5370276 1.101912e-05
0.5412873 1.108421e-05
0.5415971 1.10734e-05
0.5435327 1.119084e-05
0.5412481 1.107613e-05
0.5428811 1.109935e-05
0.5463435 1.107004e-05
0.545721 1.113296e-05
0.5420275 1.111488e-05
0.5401292 1.113822e-05
0.5392796 1.109778e-05
0.5444829 1.113023e-05
0.549849 1.097627e-05
0.5476273 1.095211e-05
0.5441865 1.099548e-05
0.5438607 1.104738e-05
0.5519011 1.110868e-05
0.545642 1.121627e-05
0.5430876 1.103185e-05
0.5372288 1.09949e-05
0.5344123 1.102779e-05
0.5435628 1.107849e-05
0.5432937 1.090877e-05
0.5440793 1.091413e-05
0.5426909 1.088559e-05
0.5454673 1.095456e-05
0.5400788 1.105869e-05
0.5451699 1.112576e-05
0.5414387 1.116977e-05
0.5380744 1.10125e-05
0.5375203 1.124121e-05
0.533531 1.125355e-05
0.534519 1.129518e-05
0.5412748 1.142403e-05
0.5388286 1.137311e-05
0.5366714 1.130737e-05
0.5369897 1.147388e-05
0.5414459 1.150353e-05
0.539754 1.156523e-05
0.5407705 1.176118e-05
0.53647 1.174613e-05
0.5327859 1.156029e-05
0.5347207 1.166903e-05
0.5279617 1.175513e-05
0.5314711 1.16094e-05
0.5343662 1.154277e-05
0.533669 1.14571e-05
0.5339708 1.139372e-05
0.5351559 1.138574e-05
0.5349386 1.164565e-05
0.5363328 1.16099e-05
0.5330906 1.158113e-05
0.5325656 1.168959e-05
0.5280764 1.196918e-05
0.5260889 1.180496e-05
0.5293601 1.174665e-05
0.530248 1.186366e-05
0.530402 1.186885e-05
0.5355133 1.164108e-05
0.5332931 1.161036e-05
0.5354138 1.139695e-05
0.535241 1.12726e-05
0.5318658 1.122356e-05
0.5371726 1.132056e-05
0.5362732 1.128558e-05
0.5400077 1.13532e-05
0.5364361 1.113482e-05
0.5374827 1.102717e-05
0.5308263 1.096708e-05
0.5311534 1.114042e-05
0.52986 1.105838e-05
0.5280447 1.095131e-05
0.5263413 1.095767e-05
0.5307628 1.087491e-05
0.5283789 1.066943e-05
0.5268576 1.087247e-05
0.5237236 1.084728e-05
0.5237981 1.096025e-05
0.5246952 1.096394e-05
0.5239705 1.085918e-05
0.5244619 1.094896e-05
0.5235738 1.098622e-05
0.5321541 1.100679e-05
0.5335286 1.078171e-05
0.5312536 1.067392e-05
0.5309085 1.064203e-05
0.5360785 1.060478e-05
0.5419228 1.057199e-05
0.5411318 1.039101e-05
0.5393022 1.046255e-05
0.5373249 1.05264e-05
0.5337767 1.054254e-05
0.5346369 1.061484e-05
0.5350801 1.050818e-05
0.5320544 1.053542e-05
0.532516 1.05642e-05
0.5386669 1.057641e-05
0.5358925 1.059615e-05
0.5328484 1.058191e-05
0.529392 1.082577e-05
0.5344492 1.08168e-05
0.5318322 1.088826e-05
0.5346655 1.080709e-05
0.5336777 1.069959e-05
0.5399597 1.076712e-05
0.53723 1.088287e-05
0.5433271 1.090244e-05
0.5460963 1.079894e-05
0.5478552 1.073985e-05
0.5451286 1.060239e-05
0.5493381 1.045416e-05
0.5480452 1.04866e-05
0.5456768 1.052017e-05
0.5394816 1.036163e-05
0.5326722 1.045864e-05
0.5347081 1.052994e-05
0.5351445 1.05898e-05
0.5384186 1.060532e-05
0.5324867 1.059121e-05
0.5328685 1.081453e-05
0.5308683 1.083099e-05
0.5346533 1.082359e-05
0.528448 1.083798e-05
0.5248859 1.077373e-05
0.5222268 1.061692e-05
0.52609 1.048838e-05
0.5282315 1.052187e-05
0.5298664 1.069401e-05
0.5249809 1.073672e-05
0.523604 1.078752e-05
0.5199165 1.087183e-05
0.5197983 1.09783e-05
0.5215647 1.088321e-05
0.5202304 1.073293e-05
0.5239453 1.077321e-05
0.5194789 1.073826e-05
0.5117486 1.075739e-05
0.5065166 1.071578e-05
0.5011226 1.068471e-05
0.4987381 1.072484e-05
0.49665 1.066182e-05
0.5006143 1.075084e-05
0.5005053 1.06931e-05
0.502634 1.063615e-05
0.5013598 1.063585e-05
0.5100242 1.050557e-05
0.5112699 1.054948e-05
0.5053877 1.047108e-05
0.5054969 1.048605e-05
0.5005848 1.042217e-05
0.495948 1.048607e-05
0.4894913 1.037622e-05
0.4969722 1.027449e-05
0.5033982 1.024654e-05
0.5065505 1.011754e-05
0.5069383 1.003671e-05
0.5109032 1.005838e-05
0.512646 9.954578e-06
0.5113806 9.886077e-06
0.5117892 9.934821e-06
0.5133196 9.807717e-06
0.5095256 9.853659e-06
0.5132301 9.804132e-06
0.5095233 9.696766e-06
0.504575 9.78076e-06
0.5016694 9.631554e-06
0.5017641 9.704737e-06
0.4960427 9.642955e-06
0.5003286 9.683064e-06
0.5013657 9.779807e-06
0.5009142 9.860278e-06
0.5041875 9.750746e-06
0.5070717 9.594168e-06
0.5031672 9.612962e-06
0.4941878 9.64895e-06
0.4955602 9.685272e-06
0.4958702 9.687885e-06
0.4926721 9.639449e-06
0.4903174 9.540221e-06
0.4937694 9.473863e-06
0.492303 9.472562e-06
0.4990368 9.529751e-06
0.5054577 9.652916e-06
0.5081264 9.662353e-06
0.5055677 9.672774e-06
0.5041874 9.741457e-06
0.5015112 9.884219e-06
0.4963855 9.846272e-06
0.4967335 9.880461e-06
0.4975974 9.701014e-06
0.5006884 9.832987e-06
0.5051434 9.949904e-06
0.5083837 9.948939e-06
0.5015407 1.020184e-05
0.5031712 1.030496e-05
0.5012344 1.023301e-05
0.5019854 1.016903e-05
0.5030863 1.003269e-05
0.4982338 9.986319e-06
0.4937231 1.007598e-05
0.4939632 1.012896e-05
0.4949631 1.014052e-05
0.497532 1.006892e-05
0.5006667 1.006555e-05
0.5025611 1.007232e-05
0.4984439 1.008765e-05
0.4953212 1.003157e-05
0.4990641 1.01678e-05
0.4997237 1.013519e-05
0.4987535 1.005751e-05
0.5025152 1.025597e-05
0.4994723 1.02091e-05
0.4975479 1.023721e-05
0.4971007 1.035743e-05
0.5006849 1.039558e-05
0.5001815 1.054085e-05
0.5003749 1.062052e-05
0.500319 1.058356e-05
0.4951027 1.070608e-05
0.4876495 1.072231e-05
0.4856234 1.082821e-05
0.4824911 1.089238e-05
0.4824566 1.072693e-05
0.4770963 1.070899e-05
0.477464 1.072782e-05
0.4723944 1.049667e-05
0.4710087 1.04372e-05
0.4739712 1.042176e-05
0.4771712 1.039379e-05
0.481643 1.052555e-05
0.4806763 1.054947e-05
0.4792895 1.058867e-05
0.4757155 1.062787e-05
0.4709436 1.066441e-05
0.4722354 1.068113e-05
0.4787974 1.048457e-05
0.476626 1.054951e-05
0.4806915 1.052752e-05
0.4794483 1.070931e-05
0.4785133 1.080055e-05
0.476201 1.082225e-05
0.4766464 1.083367e-05
0.4685589 1.068916e-05
0.4708957 1.076592e-05
0.474899 1.093715e-05
0.4749645 1.077154e-05
0.4750441 1.074698e-05
0.4731804 1.08212e-05
0.4655371 1.073562e-05
0.4632728 1.059323e-05
0.4612793 1.070903e-05
0.4600789 1.068748e-05
0.4602939 1.05587e-05
0.4628823 1.064051e-05
0.464052 1.0565e-05
0.465616 1.04878e-05
0.4673909 1.049676e-05
0.4689935 1.042225e-05
0.4660327 1.042625e-05
0.4657043 1.038288e-05
0.4689589 1.041766e-05
0.4713956 1.04718e-05
0.4699945 1.039427e-05
0.4772777 1.048293e-05
0.4709799 1.046472e-05
0.4715463 1.045795e-05
0.4707709 1.051343e-05
0.470911 1.056038e-05
0.4726253 1.075288e-05
0.4741394 1.075063e-05
0.4755286 1.060658e-05
0.4691146 1.047882e-05
0.4689421 1.063012e-05
0.4681308 1.057454e-05
0.4707208 1.072001e-05
0.4679272 1.062799e-05
0.4658222 1.085932e-05
0.4661493 1.0818e-05
0.4622634 1.082089e-05
0.4627543 1.09219e-05
0.4628826 1.086259e-05
0.4640968 1.092595e-05
0.4648621 1.108811e-05
0.4623768 1.123374e-05
0.4607052 1.150326e-05
0.4576809 1.148785e-05
0.4596002 1.139955e-05
0.4584228 1.145526e-05
0.4614632 1.13417e-05
0.4613436 1.137897e-05
0.4585907 1.145254e-05
0.4550013 1.1652e-05
0.4566646 1.172473e-05
0.4559569 1.1597e-05
0.4592949 1.148014e-05
0.4600392 1.13631e-05
0.4537943 1.118671e-05
0.454167 1.102718e-05
0.4560817 1.104484e-05
0.45988 1.116091e-05
0.4623223 1.117973e-05
0.4610287 1.125646e-05
0.4560418 1.11452e-05
0.4575875 1.122226e-05
0.4607612 1.115711e-05
0.4632087 1.101776e-05
0.4609167 1.099356e-05
0.4523144 1.115373e-05
0.4514346 1.12292e-05
0.4492385 1.134566e-05
0.4433291 1.120772e-05
0.4408461 1.106632e-05
0.4467876 1.125772e-05
0.4478883 1.136008e-05
0.4509147 1.133637e-05
0.4555134 1.127187e-05
0.4551341 1.131192e-05
0.4519351 1.117966e-05
0.4488345 1.10882e-05
0.447685 1.11804e-05
0.4458787 1.129406e-05
0.4437779 1.122685e-05
0.4398453 1.129829e-05
0.4413553 1.14173e-05
0.4456131 1.137321e-05
0.451793 1.149556e-05
0.4515396 1.148758e-05
0.4601241 1.146356e-05
0.4636715 1.159885e-05
0.4623667 1.153009e-05
0.4594767 1.145845e-05
0.4612228 1.155018e-05
0.4555105 1.168778e-05
0.4552801 1.179412e-05
0.4531758 1.173252e-05
0.4529585 1.193455e-05
0.4526642 1.209016e-05
0.457062 1.209167e-05
0.4550965 1.205137e-05
0.4539845 1.197636e-05
0.4556579 1.189072e-05
0.4515888 1.184787e-05
0.4433104 1.176857e-05
0.4467988 1.190437e-05
0.4478095 1.213076e-05
0.4491006 1.210446e-05
0.453017 1.212657e-05
0.4476135 1.200129e-05
0.4489202 1.197218e-05
0.4479366 1.206681e-05
0.4397577 1.213215e-05
0.4389078 1.200667e-05
0.4403466 1.185938e-05
0.4443226 1.190717e-05
0.4503576 1.210344e-05
0.4503708 1.215392e-05
0.4475349 1.211928e-05
0.449355 1.215315e-05
0.449907 1.23129e-05
0.4468538 1.236007e-05
0.4464956 1.218185e-05
0.4436353 1.223121e-05
0.4433239 1.221221e-05
0.4448088 1.229588e-05
0.4479595 1.23077e-05
0.4490151 1.21219e-05
0.4512727 1.186366e-05
0.446868 1.200927e-05
0.4501237 1.212668e-05
0.4518485 1.21466e-05
0.4530447 1.235594e-05
0.4523291 1.233156e-05
0.4493506 1.235224e-05
0.4542528 1.227313e-05
0.4522526 1.232868e-05
0.4483869 1.238826e-05
0.45013 1.226948e-05
0.4464822 1.220923e-05
0.4462333 1.210285e-05
0.4469167 1.213799e-05
0.4415036 1.197896e-05
0.4365932 1.198152e-05
0.4381252 1.183994e-05
0.4462344 1.197126e-05
0.4486601 1.19656e-05
0.4415538 1.19341e-05
0.4365564 1.190738e-05
0.4352377 1.185485e-05
0.4345726 1.179839e-05
0.4359121 1.201392e-05
0.4387816 1.22308e-05
0.4388569 1.219671e-05
0.4383807 1.223928e-05
0.4436216 1.255616e-05
0.4408459 1.252399e-05
0.4427633 1.27203e-05
0.4411768 1.261847e-05
0.4391242 1.25338e-05
0.4418782 1.249137e-05
0.4366316 1.252988e-05
0.4382934 1.250028e-05
0.4340038 1.249634e-05
0.4338932 1.249899e-05
0.4344166 1.260799e-05
0.4348852 1.267446e-05
0.4312191 1.273286e-05
0.4279231 1.264203e-05
0.4348394 1.259651e-05
0.438495 1.269141e-05
0.4403355 1.246322e-05
0.4417042 1.245682e-05
0.4449201 1.239983e-05
0.4453448 1.233924e-05
0.4477438 1.228722e-05
0.4481705 1.251544e-05
0.4491438 1.25604e-05
0.4476701 1.275135e-05
0.449485 1.280987e-05
0.4458865 1.282858e-05
0.4499353 1.262829e-05
0.4569891 1.269609e-05
0.4604921 1.261058e-05
0.4606879 1.278758e-05
0.4587989 1.297542e-05
0.4580869 1.295384e-05
0.4620427 1.294209e-05
0.4593671 1.295154e-05
0.4498883 1.300344e-05
0.4463556 1.306386e-05
0.4463501 1.298768e-05
0.4502918 1.300439e-05
0.4450721 1.306297e-05
0.4339876 1.282823e-05
0.431187 1.270642e-05
0.4308755 1.273848e-05
0.4325728 1.283219e-05
0.4279042 1.278775e-05
0.4332881 1.280781e-05
0.4401084 1.286647e-05
0.4373388 1.293889e-05
0.4403078 1.302428e-05
0.4340046 1.292189e-05
0.4330596 1.267635e-05
0.4357898 1.279142e-05
0.4357483 1.288142e-05
0.4355996 1.285641e-05
0.4388145 1.293835e-05
0.4376544 1.274118e-05
0.439766 1.260382e-05
0.4443038 1.269184e-05
0.4442804 1.278708e-05
0.4509636 1.266077e-05
0.4509176 1.26799e-05
0.4499515 1.255289e-05
0.4468987 1.248151e-05
0.4456348 1.255107e-05
0.4441407 1.23708e-05
0.4416412 1.221352e-05
0.440526 1.208542e-05
0.4372481 1.223388e-05
0.4328903 1.222102e-05
0.4353498 1.22675e-05
0.4349454 1.226466e-05
0.4357498 1.227258e-05
0.4315383 1.223207e-05
0.4359799 1.228464e-05
0.436487 1.240407e-05
0.4323415 1.238844e-05
0.4328229 1.245762e-05
0.435431 1.246759e-05
0.4344139 1.253257e-05
0.4340232 1.275673e-05
0.4334913 1.264816e-05
0.4282541 1.263846e-05
0.4306083 1.261125e-05
0.4285993 1.258934e-05
0.426916 1.255995e-05
0.4290329 1.255911e-05
0.4291634 1.23555e-05
0.4292676 1.242314e-05
0.4339364 1.26763e-05
0.4311918 1.276676e-05
0.4269336 1.269407e-05
0.4222616 1.26214e-05
0.4303053 1.261308e-05
0.4300693 1.27522e-05
0.4333779 1.270598e-05
0.4246673 1.269098e-05
0.4217268 1.269007e-05
0.4266583 1.277924e-05
0.428464 1.266041e-05
0.4304374 1.269099e-05
0.4371158 1.271847e-05
0.4393068 1.270301e-05
0.437788 1.26885e-05
0.4366252 1.275481e-05
0.4372559 1.275461e-05
0.4312507 1.259408e-05
0.4357924 1.265773e-05
0.4317215 1.253699e-05
0.4243359 1.241169e-05
0.4280018 1.239943e-05
0.4245044 1.23328e-05
0.4240657 1.222246e-05
0.4199625 1.222464e-05
0.4243979 1.210299e-05
0.4233936 1.217401e-05
0.4244536 1.205313e-05
0.4181578 1.203891e-05
0.4197213 1.183554e-05
0.4184037 1.195672e-05
0.4133309 1.187292e-05
0.4153524 1.199884e-05
0.4105048 1.208377e-05
0.4139501 1.211622e-05
0.4162345 1.208263e-05
0.4208195 1.213405e-05
0.4190075 1.198491e-05
0.4199806 1.183802e-05
0.4209109 1.184922e-05
0.4249764 1.186847e-05
0.4309224 1.187921e-05
0.4283099 1.181394e-05
0.4257679 1.174261e-05
0.4258104 1.167144e-05
0.427542 1.151853e-05
0.4293928 1.152015e-05
0.4234666 1.163931e-05
0.4283779 1.172246e-05
0.432369 1.172987e-05
0.4306811 1.176728e-05
0.4300352 1.205649e-05
0.4342873 1.200087e-05
0.4333472 1.205045e-05
0.4377438 1.209988e-05
0.4377925 1.207736e-05
0.4320924 1.226932e-05
0.4348467 1.223224e-05
0.4293858 1.230303e-05
0.4349587 1.244866e-05
0.4378579 1.234732e-05
0.4342055 1.234726e-05
0.4393845 1.225201e-05
0.4436118 1.220112e-05
0.4424675 1.215892e-05
0.4403488 1.22257e-05
0.4491137 1.195487e-05
0.4513369 1.166641e-05
0.4527363 1.162449e-05
0.4534908 1.16036e-05
0.4512694 1.146407e-05
0.4528806 1.148086e-05
0.4528141 1.133176e-05
0.452772 1.165503e-05
0.4487296 1.159344e-05
0.447977 1.153014e-05
0.4466442 1.141061e-05
0.4447085 1.156557e-05
0.4496471 1.159237e-05
0.4492894 1.153997e-05
0.4481427 1.142975e-05
0.4452308 1.140396e-05
0.4487128 1.129192e-05
0.4527379 1.144143e-05
0.4503119 1.135214e-05
0.4482446 1.148889e-05
0.4418934 1.150435e-05
0.4433226 1.148382e-05
0.4401194 1.138358e-05
0.4358519 1.128907e-05
0.4381838 1.145073e-05
0.441051 1.13879e-05
0.4396314 1.138397e-05
0.4365926 1.134118e-05
0.4379773 1.13721e-05
0.4411935 1.137509e-05
0.4397937 1.128134e-05
0.4428141 1.132229e-05
0.4458322 1.134153e-05
0.4438777 1.140792e-05
0.4464929 1.149224e-05
0.4426887 1.163453e-05
0.441678 1.151799e-05
0.4437294 1.137395e-05
0.4417591 1.145849e-05
0.4371466 1.156632e-05
0.4337226 1.178873e-05
0.4305099 1.178896e-05
0.4275468 1.189925e-05
0.4276594 1.185338e-05
0.4208864 1.19131e-05
0.4178761 1.190027e-05
0.4163642 1.200671e-05
0.4121098 1.215572e-05
0.411993 1.221286e-05
0.4105818 1.220221e-05
0.4109346 1.205615e-05
0.4053419 1.207562e-05
0.4031075 1.200517e-05
0.4019572 1.185849e-05
0.4018099 1.184933e-05
0.4045894 1.163804e-05
0.4024759 1.167204e-05
0.4077011 1.151128e-05
0.4079267 1.173913e-05
0.4011474 1.187616e-05
0.3972227 1.197875e-05
0.3955169 1.194753e-05
0.4002229 1.191205e-05
0.4048031 1.206441e-05
0.409386 1.216245e-05
0.4165132 1.210746e-05
0.4154327 1.211936e-05
0.422761 1.224953e-05
0.4190937 1.225689e-05
0.4244693 1.216774e-05
0.4254352 1.21757e-05
0.4204039 1.218188e-05
0.4253867 1.223351e-05
0.4301481 1.237609e-05
0.4261905 1.252097e-05
0.4262109 1.24831e-05
0.4258953 1.245296e-05
0.4282593 1.249136e-05
0.4197973 1.262528e-05
0.4198858 1.275017e-05
0.4176243 1.27567e-05
0.4182875 1.273602e-05
0.4255179 1.267281e-05
0.4234342 1.269617e-05
0.4227254 1.256037e-05
0.427213 1.242376e-05
0.4282157 1.240125e-05
0.4278714 1.248995e-05
0.4242531 1.23918e-05
0.4244457 1.238078e-05
0.4179769 1.222493e-05
0.4168123 1.228073e-05
0.4197821 1.22314e-05
0.4172179 1.229412e-05
0.4104152 1.224161e-05
0.41258 1.215175e-05
0.410557 1.218385e-05
0.4163467 1.203869e-05
0.4133675 1.19014e-05
0.4092633 1.197668e-05
0.4097366 1.203353e-05
0.4097829 1.208894e-05
0.4036789 1.222883e-05
0.4012575 1.200263e-05
0.4041526 1.209476e-05
0.402469 1.205113e-05
0.4023004 1.213827e-05
0.4024763 1.2156e-05
0.4043313 1.212033e-05
0.4022111 1.208261e-05
0.397268 1.201669e-05
0.3980669 1.195441e-05
0.4011181 1.191193e-05
0.4059989 1.19111e-05
0.3998383 1.199362e-05
0.3968993 1.197342e-05
0.3935916 1.217384e-05
0.3924968 1.22405e-05
0.3876365 1.22611e-05
0.3906487 1.225175e-05
0.3949217 1.233813e-05
0.3942374 1.237616e-05
0.3911698 1.254393e-05
0.3943078 1.261227e-05
0.3962428 1.25377e-05
0.3884689 1.266367e-05
0.394676 1.264355e-05
0.3862872 1.268762e-05
0.3863699 1.265227e-05
0.3861682 1.262745e-05
0.3971568 1.247944e-05
0.4054504 1.265832e-05
0.405741 1.280163e-05
0.4080907 1.285193e-05
0.4070563 1.30697e-05
0.4090594 1.320921e-05
0.4126034 1.300015e-05
0.4182548 1.291093e-05
0.4234778 1.307608e-05
0.421877 1.312611e-05
0.4229553 1.312974e-05
0.4258364 1.31065e-05
0.4251105 1.315464e-05
0.4291164 1.31347e-05
0.4309435 1.317566e-05
0.4345331 1.331263e-05
0.436557 1.346416e-05
0.4324454 1.341013e-05
0.435103 1.335565e-05
0.4378075 1.334503e-05
0.4345415 1.321853e-05
0.4333792 1.340326e-05
0.4308158 1.362674e-05
0.4266201 1.367923e-05
0.4242062 1.355581e-05
0.4226299 1.372136e-05
0.4200574 1.367437e-05
0.4218627 1.368512e-05
0.4257378 1.374964e-05
0.4259234 1.407429e-05
0.4214602 1.414884e-05
0.4260315 1.411671e-05
0.4275269 1.421232e-05
0.42524 1.424792e-05
0.4227103 1.413974e-05
0.4180693 1.387101e-05
0.4146422 1.397642e-05
0.4184997 1.400054e-05
0.4197782 1.394842e-05
0.4160909 1.407821e-05
0.413885 1.398636e-05
0.4141592 1.401106e-05
0.4101953 1.394894e-05
0.4105576 1.384025e-05
0.4076946 1.373515e-05
0.4012346 1.369555e-05
0.4030746 1.364745e-05
0.4019023 1.353658e-05
0.4020698 1.357213e-05
0.3979647 1.32452e-05
0.3979899 1.3454e-05
0.4025791 1.348951e-05
0.4011759 1.342539e-05
0.4067104 1.315517e-05
0.4047861 1.324725e-05
0.4061802 1.308939e-05
0.4110093 1.311763e-05
0.4130329 1.3254e-05
0.4080885 1.316468e-05
0.4129371 1.334896e-05
0.4196437 1.338409e-05
0.4219341 1.339113e-05
0.4222177 1.34447e-05
0.4237754 1.329261e-05
0.4200827 1.336999e-05
0.4213926 1.311636e-05
0.4207356 1.302117e-05
0.420902 1.314926e-05
0.4217181 1.307585e-05
0.4206314 1.315726e-05
0.4190835 1.323223e-05
0.4237437 1.320911e-05
0.4268306 1.336293e-05
0.4332935 1.337733e-05
0.4369149 1.337887e-05
0.4402072 1.346444e-05
0.4431978 1.371746e-05
0.4402691 1.347052e-05
0.4431853 1.349158e-05
0.4438317 1.348286e-05
0.4480553 1.338229e-05
0.442939 1.316573e-05
0.4451827 1.322165e-05
0.4460125 1.320057e-05
0.449702 1.313089e-05
0.4486808 1.337395e-05
0.4416884 1.343533e-05
0.4454174 1.340909e-05
0.4431051 1.349116e-05
0.4472324 1.34275e-05
0.4488588 1.328267e-05
0.454746 1.317968e-05
0.4542829 1.303602e-05
0.4542019 1.317553e-05
0.4582274 1.313344e-05
0.4575513 1.328999e-05
0.4532722 1.317476e-05
0.455611 1.328576e-05
0.4542455 1.319347e-05
0.4546865 1.338413e-05
0.4504034 1.339485e-05
0.4526166 1.345475e-05
0.4501986 1.329635e-05
0.4549373 1.336838e-05
0.444254 1.332778e-05
0.4466163 1.331076e-05
0.4498855 1.331872e-05
0.442259 1.339305e-05
0.4361715 1.35967e-05
0.4351659 1.360969e-05
0.429764 1.346095e-05
0.4349365 1.337984e-05
0.4306536 1.349142e-05
0.4316938 1.334642e-05
0.432483 1.332174e-05
0.4359433 1.330648e-05
0.4372168 1.333959e-05
0.4375271 1.325757e-05
0.4323103 1.328432e-05
0.4398202 1.325676e-05
0.4402373 1.328937e-05
0.4429843 1.322394e-05
0.441664 1.30734e-05
0.4442779 1.28772e-05
0.4495233 1.277695e-05
0.4530936 1.284749e-05
0.4503663 1.296085e-05
0.4573152 1.293456e-05
0.4566063 1.308836e-05
0.4594121 1.28545e-05
0.4598508 1.284125e-05
0.4563543 1.294743e-05
0.4570093 1.293918e-05
0.4564381 1.307063e-05
0.4634775 1.309201e-05
0.4643196 1.30372e-05
0.4602095 1.300421e-05
0.4646318 1.293055e-05
0.4647154 1.302016e-05
0.4592938 1.320169e-05
0.459452 1.315101e-05
0.4583796 1.302122e-05
0.4562029 1.300192e-05
0.4511629 1.322524e-05
0.4537728 1.329289e-05
0.4579829 1.341783e-05
0.4567182 1.345901e-05
0.4579318 1.349059e-05
0.4561866 1.366651e-05
0.4536065 1.358108e-05
0.4526932 1.3566e-05
0.45529 1.34635e-05
0.4564402 1.340387e-05
0.45828 1.336559e-05
0.457063 1.33939e-05
0.4556941 1.332104e-05
0.4567252 1.331816e-05
0.4549513 1.34133e-05
0.4574458 1.319629e-05
0.4615004 1.322136e-05
0.4639483 1.324649e-05
0.4637724 1.323753e-05
0.4611735 1.310278e-05
0.4662181 1.30954e-05
0.4690234 1.309006e-05
0.4700782 1.319162e-05
0.4703937 1.319822e-05
0.4666274 1.321647e-05
0.4664064 1.309444e-05
0.4708508 1.312924e-05
0.4718293 1.309393e-05
0.4694659 1.289982e-05
0.4663987 1.308328e-05
0.4647823 1.283419e-05
0.4690172 1.271985e-05
0.4665071 1.264575e-05
0.4683182 1.271322e-05
0.4673333 1.268328e-05
0.4647128 1.25418e-05
0.4683048 1.274141e-05
0.466603 1.27862e-05
0.4678137 1.271615e-05
0.4734812 1.276052e-05
0.4696972 1.286774e-05
0.4705772 1.284715e-05
0.4701349 1.301345e-05
0.4668177 1.30109e-05
0.4657416 1.288567e-05
0.4653753 1.301402e-05
0.4659655 1.308116e-05
0.4730131 1.293956e-05
0.4711586 1.269934e-05
0.4686138 1.268266e-05
0.4662629 1.262504e-05
0.4596103 1.269564e-05
0.4601732 1.271441e-05
0.4577394 1.269295e-05
0.4597791 1.268761e-05
0.4594137 1.25395e-05
0.4634524 1.226338e-05
0.4628724 1.224258e-05
0.460743 1.245768e-05
0.4560309 1.202502e-05
0.4530784 1.192905e-05
0.4490076 1.190181e-05
0.4467201 1.180902e-05
0.4437845 1.176199e-05
0.4413922 1.183226e-05
0.4404893 1.160674e-05
0.4444864 1.165724e-05
0.4440367 1.148427e-05
0.4442858 1.142704e-05
0.4478653 1.15215e-05
0.4504493 1.171788e-05
0.4543597 1.155236e-05
0.4500984 1.157871e-05
0.4460158 1.161951e-05
0.4449926 1.153696e-05
0.4480911 1.185188e-05
0.4498243 1.206916e-05
0.4600053 1.215631e-05
0.4638412 1.225566e-05
0.466033 1.234658e-05
0.4697817 1.232983e-05
0.4698706 1.231191e-05
0.4671923 1.245249e-05
0.4636331 1.211759e-05
0.4631776 1.21019e-05
0.4662669 1.226657e-05
0.4635222 1.215497e-05
0.4692698 1.224061e-05
0.4646564 1.233278e-05
0.4667602 1.217892e-05
0.4692853 1.211241e-05
0.4742654 1.221163e-05
0.4756888 1.223129e-05
0.4740209 1.205395e-05
0.4769931 1.195349e-05
0.4767051 1.198534e-05
0.4768407 1.200925e-05
0.4768203 1.213388e-05
0.4739207 1.213763e-05
0.4861869 1.220998e-05
0.480219 1.236461e-05
0.4698616 1.25229e-05
0.4704626 1.275185e-05
0.4646643 1.272718e-05
0.4663753 1.266551e-05
0.4684787 1.269472e-05
0.4637199 1.290913e-05
0.4654357 1.307374e-05
0.4672201 1.30884e-05
0.468961 1.318694e-05
0.4663772 1.314148e-05
0.4687612 1.291993e-05
0.470268 1.275166e-05
0.470436 1.262504e-05
0.4675947 1.274433e-05
0.4693348 1.250108e-05
0.4720079 1.258928e-05
0.4761014 1.249499e-05
0.4783288 1.245682e-05
0.4757956 1.252763e-05
0.471474 1.276759e-05
0.4725969 1.274351e-05
0.4739216 1.280929e-05
0.4748988 1.288458e-05
0.4726996 1.259541e-05
0.4744036 1.278913e-05
0.4751589 1.283665e-05
0.4764263 1.283817e-05
0.4793046 1.309561e-05
0.4823974 1.322048e-05
0.4806904 1.328336e-05
0.4819116 1.321474e-05
0.4779149 1.34314e-05
0.4768655 1.364422e-05
0.4807903 1.367121e-05
0.475796 1.360289e-05
0.4748276 1.369613e-05
0.4781544 1.358395e-05
0.4755334 1.357885e-05
0.4699256 1.350461e-05
0.4655961 1.350887e-05
0.4688825 1.325252e-05
0.4703895 1.341369e-05
0.4711425 1.318018e-05
0.4701875 1.323979e-05
0.4687356 1.322311e-05
0.4768122 1.309472e-05
0.4754091 1.338418e-05
0.4727889 1.32947e-05
0.4763003 1.321764e-05
0.4793859 1.322329e-05
0.48461 1.324133e-05
0.4850703 1.32682e-05
0.487113 1.32954e-05
0.488585 1.320569e-05
0.4831005 1.311377e-05
0.4825243 1.319686e-05
0.4849078 1.326583e-05
0.4870641 1.311729e-05
0.4867415 1.298924e-05
0.4922956 1.326276e-05
0.4924639 1.330679e-05
0.488547 1.314473e-05
0.4949384 1.313717e-05
0.4966466 1.298313e-05
0.4901418 1.303337e-05
0.48543 1.317879e-05
0.4843684 1.314522e-05
0.4849464 1.326514e-05
0.4803197 1.323275e-05
0.4754753 1.293892e-05
0.4736805 1.295815e-05
0.4769728 1.30367e-05
0.4744 1.283135e-05
0.4786784 1.293458e-05
0.4703828 1.306727e-05
0.4738353 1.306151e-05
0.475558 1.306075e-05
0.4777034 1.282566e-05
0.4821833 1.280185e-05
0.4780858 1.282706e-05
0.4789819 1.279451e-05
0.4768762 1.27597e-05
0.4704944 1.297456e-05
0.4720766 1.302588e-05
0.4707515 1.290342e-05
0.464142 1.282285e-05
0.4621469 1.284292e-05
0.462587 1.294286e-05
0.4654664 1.297874e-05
0.4692744 1.296596e-05
0.4694123 1.291422e-05
0.4692118 1.306017e-05
0.4646205 1.336505e-05
0.4666768 1.328954e-05
0.46681 1.338023e-05
0.467268 1.345069e-05
0.4698242 1.321849e-05
0.4689081 1.324147e-05
0.4704714 1.317669e-05
0.4686235 1.310388e-05
0.4695066 1.28909e-05
0.4716197 1.278017e-05
0.4713105 1.267587e-05
0.4722856 1.275461e-05
0.4722775 1.290562e-05
0.4657418 1.286423e-05
0.4597931 1.280159e-05
0.4585118 1.305327e-05
0.45693 1.320344e-05
0.4521439 1.315916e-05
0.44955 1.32503e-05
0.4510507 1.318815e-05
0.4479087 1.312796e-05
0.4462703 1.306878e-05
0.4485438 1.300679e-05
0.4483319 1.280901e-05
0.449701 1.273903e-05
0.4444182 1.272369e-05
0.4450616 1.262205e-05
0.4421241 1.250935e-05
0.431874 1.253971e-05
0.4293348 1.250471e-05
0.4296626 1.234697e-05
0.4311361 1.22462e-05
0.4301727 1.228826e-05
0.4293518 1.232733e-05
0.4330109 1.248475e-05
0.4377681 1.246486e-05
0.4376407 1.265161e-05
0.4354332 1.273894e-05
0.4346481 1.305937e-05
0.4298729 1.312596e-05
0.4315654 1.305647e-05
0.4343172 1.305522e-05
0.4380313 1.295528e-05
0.4382146 1.283215e-05
0.439242 1.289142e-05
0.4376253 1.285974e-05
0.4375759 1.298695e-05
0.4387463 1.293309e-05
0.4393183 1.299971e-05
0.4410829 1.316814e-05
0.4464243 1.339925e-05
0.438768 1.340782e-05
0.4376858 1.361344e-05
0.4303447 1.35539e-05
0.4311247 1.380074e-05
0.4338023 1.361413e-05
0.4331061 1.374735e-05
0.4337564 1.376565e-05
0.4395345 1.38025e-05
0.4422908 1.36381e-05
0.4447895 1.360085e-05
0.4460919 1.372738e-05
0.4452601 1.381801e-05
0.4488448 1.39351e-05
0.4398007 1.403053e-05
0.4417551 1.405821e-05
0.4365665 1.422951e-05
0.4288733 1.433963e-05
0.4317689 1.450152e-05
0.4330719 1.429104e-05
0.4361725 1.433904e-05
0.4414859 1.41092e-05
0.4403356 1.410992e-05
0.4409713 1.412157e-05
0.4361651 1.411893e-05
0.4393215 1.421525e-05
0.4359388 1.41149e-05
0.4316259 1.425175e-05
0.4304291 1.43064e-05
0.4273266 1.447263e-05
0.4290808 1.450434e-05
0.4319067 1.442693e-05
0.431497 1.44557e-05
0.4317511 1.439623e-05
0.430065 1.435748e-05
0.4276872 1.443919e-05
0.4263409 1.432424e-05
0.4312087 1.433591e-05
0.4308313 1.435474e-05
0.4289954 1.448518e-05
0.4303958 1.458403e-05
0.4373663 1.459603e-05
0.4348954 1.479344e-05
0.4303136 1.49478e-05
0.4303645 1.519739e-05
0.4253822 1.51185e-05
0.4257273 1.49296e-05
0.4250914 1.503953e-05
0.4263246 1.522673e-05
0.425922 1.519226e-05
0.4291566 1.539943e-05
0.435005 1.53254e-05
0.4372887 1.533635e-05
0.4362346 1.528569e-05
0.4319663 1.545916e-05
0.4309412 1.547806e-05
0.4320279 1.572181e-05
0.4315279 1.575447e-05
0.4289568 1.589932e-05
0.4281856 1.606788e-05
0.4201069 1.618367e-05
0.4212605 1.626992e-05
0.4232148 1.608941e-05
0.4219037 1.631966e-05
0.4178411 1.656022e-05
0.420624 1.63407e-05
0.4173472 1.638156e-05
0.4162585 1.62588e-05
0.41714 1.628077e-05
0.4213238 1.659514e-05
0.4241768 1.660868e-05
0.421921 1.625926e-05
0.4228028 1.613567e-05
0.4230377 1.599724e-05
0.4244658 1.616858e-05
0.4298978 1.625329e-05
0.4343001 1.611677e-05
0.4362986 1.613404e-05
0.435851 1.591099e-05
0.4331779 1.610088e-05
