0.2406068
0.3858669
0.2889058
0.4410391
0.2997915
0.2310519
0.2974197
0.2562738
0.2334837
0.2399899
0.2300369
0.3616683
0.173366
0.2791545
0.3148308
0.2926294
0.3216174
0.3507185
0.2044027
0.2781532
0.2625025
0.2562819
0.1801171
0.3585978
0.2306926
0.1801931
0.3233595
0.2516423
0.1708527
0.1508937
0.2028529
0.1915329
0.1988292
0.1475385
0.2162829
0.3417889
0.2373441
0.3009869
0.2442812
0.417068
0.3729812
0.4887493
0.3282827
0.2529203
0.5354668
0.4656167
0.3334875
0.3949439
0.4538607
0.3978451
0.2005855
0.1906538
0.2008716
0.2275808
0.2426639
0.1792166
0.2643932
0.2555572
0.2829491
0.2145222
0.237425
0.2852049
0.262162
0.1675419
0.5037831
0.3120771
0.4006182
0.3485168
0.2263356
0.277057
0.3813932
0.3194612
0.3892424
0.405957
0.3493276
0.222472
0.2774519
0.3903094
0.3005933
0.2250437
0.1662422
0.3393786
0.3394991
0.2946308
0.2180292
0.292874
0.3081002
0.2633951
0.216776
0.2066881
0.2591287
0.3745802
0.2452184
0.3232644
0.2817133
0.1596353
0.2547159
0.4150233
0.3335896
0.2608408
0.3193213
0.3038537
0.216772
0.2363557
0.2027738
0.3185594
0.3673689
0.3241928
0.2866613
0.2798899
0.239357
0.2154072
0.3094253
0.254184
0.374634
0.3428449
0.2864704
0.2450966
0.2911139
0.4065504
0.4527153
0.5071759
0.365849
0.2262286
0.1599249
0.2251631
0.2473536
0.2754103
0.4939885
0.2900777
0.2919154
0.2002278
0.2093029
0.2543834
0.3108808
0.2400933
0.2843382
0.2222577
0.4256079
0.478968
0.366901
0.361983
0.2616056
0.2229079
0.2499794
0.2875282
0.2510619
0.2896882
0.4335412
0.241472
0.2737839
0.2380423
0.2745336
0.3403106
0.4066462
0.2169867
0.175131
0.1497656
0.2249856
0.1782664
0.1408436
0.2557832
0.2904756
0.1512504
0.2834936
0.2108102
0.2209666
0.1437593
0.1683999
0.2909324
0.2900177
0.1842663
0.2488886
0.3105972
0.225785
0.2531342
0.2240948
0.1563665
0.474195
0.2798351
0.3346499
0.2596121
0.4137946
0.3006033
0.1947125
0.2055419
0.3281189
0.3094764
0.502471
0.2193009
0.2391112
0.2636188
0.254678
0.2862166
0.1547423
0.2173335
0.2720676
0.1744531
0.1779028
0.1911376
0.22164
0.2520392
0.2551923
0.250038
0.265043
0.2307578
0.1590024
0.264079
0.2810651
0.1532793
0.2025252
0.3593513
0.2596309
0.2643342
0.2226517
0.227075
0.1879324
0.3128983
0.3576918
0.2254534
0.1633219
0.3357827
0.3131781
0.2443965
0.2967915
0.2827993
0.2563386
0.2276204
0.218611
0.2205936
0.4231831
0.3826584
0.236738
0.177253
0.2210971
0.2666654
0.2673301
0.1261613
0.1872558
0.3198637
0.335978
0.3901764
0.3732902
0.2035835
0.2553794
0.196792
0.2630106
0.3272094
0.2698098
0.1880422
0.2356747
0.2318916
0.1842876
0.1979428
0.3311686
0.3799858
0.2781051
0.3392721
0.3839758
0.2977783
0.2555727
0.2591241
0.2538056
0.1934208
0.184141
0.2637577
0.2842642
0.2818576
0.2766868
0.1918034
0.3113638
0.3041418
0.2409207
0.2638771
0.4480454
0.2902879
0.1241346
0.2506138
0.3266297
0.3886615
0.2283148
0.2523706
0.174399
0.3379314
0.2340643
0.2131378
0.2751653
0.156184
0.295025
0.1597248
0.2847968
0.1932697
0.2439942
0.3078032
0.2919342
0.3918272
0.3775534
0.3165459
0.4365466
0.2571683
0.3132827
0.2680739
0.470085
0.1425923
0.3633777
0.235269
0.1436203
0.226894
0.2456846
0.2216786
0.2215777
0.2372893
0.2250529
0.2276852
0.1549207
0.1509675
0.2154888
0.466558
0.3222421
0.3088191
0.2376985
0.2806807
0.2292758
0.3095012
0.1786997
0.2004
0.3219092
0.2791178
0.2383191
0.310289
0.2143785
0.2691174
0.2179165
0.3176046
0.2060055
0.267125
0.2274508
0.1921167
0.1995614
0.2317192
0.3113552
0.3414665
0.3488966
0.2313823
0.3195885
0.3593423
0.3347053
0.1858088
0.1652508
0.2260804
0.2627287
0.3470554
0.3827941
0.4526928
0.3389539
0.230337
0.2297299
0.3483811
0.2312694
0.3090854
0.5751333
0.2376393
0.2225379
0.2448889
0.2894111
0.2720646
0.2752658
0.2101239
0.257152
0.283663
0.1592084
0.2329532
0.2486631
0.2849379
0.3005811
0.3094654
0.3078651
0.2347879
0.2709942
0.2583831
0.3246636
0.2781851
0.3680707
0.4237406
0.3651728
0.289345
0.228776
0.4874335
0.2260089
0.3638918
0.2305736
0.2565512
0.3091848
0.3742206
0.2884386
0.2738505
0.4088854
0.2084199
0.2212365
0.2873475
0.2689561
0.1907166
0.2378623
0.2583389
0.3585845
0.2464516
0.2430037
0.2899172
0.2548872
0.3650821
0.3425346
0.2767614
0.3363417
0.5232969
0.3444308
0.230433
0.2606775
0.5373215
0.3616682
0.3068525
0.3435157
0.2399698
0.366042
0.2840186
0.4334093
0.5139806
0.3561417
0.336775
0.2246736
0.2696188
0.3623455
0.3244387
0.3308285
0.3338521
0.2902744
0.2538954
0.3385046
0.3111035
0.2377742
0.2221083
0.2083197
0.2527895
0.2369274
0.3382829
0.2447129
0.2769615
0.2500403
0.2190129
0.2148517
0.2473681
0.3287648
0.2481859
0.1669579
0.2395963
0.2027905
0.3326035
0.2172114
0.1602571
0.1510783
0.2437889
0.2086012
0.2507403
0.3515174
0.3068673
0.3713533
0.2858001
0.3102291
0.4496478
0.3392834
0.320173
0.1773415
0.2047431
0.2146013
0.2498773
0.2828166
0.3418701
0.2288986
0.1838436
0.3741706
0.1828252
0.2638183
0.2386737
0.2172
0.3622873
0.2331711
0.2312283
0.2973734
0.3019075
0.3824162
0.226706
0.2920608
0.2444443
0.4159796
0.4472636
0.2122526
0.2347755
0.282495
0.3219141
0.2837508
0.2433245
0.3294213
0.2475754
0.3748161
0.3900754
0.2638881
0.1973197
0.2790396
0.3732215
0.3514093
0.2835581
0.2941534
0.2027299
0.1654451
0.2834616
0.3224927
0.2551163
0.2907554
0.3072245
0.4794008
0.3271307
0.2152802
0.2507559
0.2812376
0.2913447
0.3182318
0.3137076
0.3464377
0.2849051
0.197123
0.4172111
0.3460786
0.3736884
0.4070638
0.3610196
0.303187
0.404328
0.2376284
0.2775288
0.3182814
0.3129831
0.3891674
0.2222068
0.3435562
0.1872806
0.2880015
0.2971808
0.3793366
0.3373575
0.3697527
0.3518803
0.3929717
0.4524292
0.2423008
0.2269112
0.2986313
0.2583209
0.2289187
0.2095882
0.2417914
0.139655
0.3039077
0.202457
0.3481774
0.382366
0.3280771
0.5406272
0.3359647
0.3037433
0.2809954
0.2940649
0.3045204
0.2820774
0.3232233
0.3372259
0.2770988
0.4235144
0.2721021
0.2445552
0.2158918
0.2444906
0.2554136
0.3123722
0.3330745
0.3757716
0.4530677
0.2432604
0.2504139
0.3490986
0.2756254
0.3730956
0.3232947
0.4230837
0.3463146
0.2836227
0.3722709
0.2332827
0.2368334
0.2760326
0.2395205
0.2643449
0.2458451
0.3225407
0.2481667
0.3346711
0.2492353
0.4203419
0.545899
0.32633
0.3629103
0.3471275
0.3948327
0.5073898
0.3273672
0.2605776
0.3306794
0.4165727
0.3411914
0.4259879
0.2731143
0.3781994
0.2384745
0.2083441
0.2248147
0.3404173
0.3791379
0.4136967
0.2642374
0.2707285
0.3159216
0.3596982
0.3581154
0.2760659
0.383226
0.3837653
0.2851008
0.2470565
0.2168012
0.2512881
0.3749914
0.3355844
0.2690549
0.2792771
0.2112338
0.3385152
0.2291418
0.3265917
0.314304
0.3227006
0.2671798
0.2521767
0.3836712
0.3469201
0.2780744
0.2373608
0.3418546
0.3717628
0.3352011
0.3528846
0.4439844
0.2527077
0.2939076
0.3962851
0.3996896
0.3069122
0.3482603
0.277914
0.3057071
0.5025895
0.2894322
0.2458717
0.4378151
0.2569127
0.3179939
0.2771759
0.2989216
0.2084069
0.3337282
0.404643
0.3933132
0.3612034
0.2184504
0.4407645
0.4339843
0.4143016
0.3275139
0.4569565
0.4415097
0.4088054
0.4105323
0.450199
0.3863697
0.3417261
0.2979996
0.2414673
0.240584
0.2450478
0.2959872
0.3151746
0.2848472
0.3087418
0.3403314
0.4910918
0.3345749
0.3997796
0.5473746
0.4745294
0.3704312
0.2940844
0.4061484
0.2360093
0.2922532
0.3016441
0.3288915
0.1650911
0.487995
0.4032615
0.3060618
0.4432265
0.3436633
0.3507228
0.383226
0.4264879
0.2995022
0.3405777
0.2636617
0.2804976
0.3649721
0.2327998
0.3885395
0.4696105
0.2588612
0.2347041
0.4728694
0.3236805
0.2985517
0.3839766
0.4861454
0.4119445
0.2830704
0.2737266
0.2774034
0.3750815
0.3015686
0.1956515
0.4109035
0.6748166
0.3920387
0.4255201
0.4823315
0.269387
0.3135555
0.4553257
0.4326554
0.3110589
0.219148
0.2261342
0.2526568
0.2973478
0.3714333
0.5716161
0.5920563
0.2931836
0.4962301
0.5806003
0.5910343
0.3156113
0.3538886
0.3619412
0.377392
0.328973
0.3750092
0.3294486
0.3932569
0.334073
0.3813437
0.3169393
0.341486
0.2731554
0.4376782
0.3223064
0.360751
0.335656
0.3465525
0.4303963
0.5239798
0.346164
0.4310018
0.4176856
0.4157595
0.5622395
0.6940575
0.4839995
0.3795528
0.2578156
0.4286077
0.4618017
0.3673968
0.3176496
0.5906747
0.3737007
0.5415238
0.4111956
0.4160359
0.3862045
0.2051051
0.3897488
0.6846268
0.3499231
0.4753088
0.3212993
0.4664236
0.4026843
0.3323374
0.4046232
0.3813939
0.5648177
0.4810497
0.5492135
0.4021159
0.3433536
0.5144487
0.5212332
0.3956272
0.4070821
0.5289008
0.5123047
0.3935894
0.2863396
0.3752283
0.3840318
0.2969496
0.4371127
0.4460656
0.5093197
0.4771747
0.3367958
0.3565801
0.2680274
0.435538
0.3907988
0.3463872
0.3437155
0.3255663
0.330401
0.308184
0.3092676
0.3050937
0.4086869
0.3373438
0.3815356
0.3582071
0.4305398
0.3264755
0.3181137
0.6750308
0.3954622
0.3643535
0.3541482
0.4683135
0.3365055
0.4347557
0.2830987
0.3722832
0.4109158
0.3749265
0.5139493
0.3137377
0.323357
0.4429812
0.4941033
0.3420945
0.2617989
0.4694668
0.4351476
0.4775445
0.592912
0.3976299
0.7818532
0.451658
0.381938
0.4082047
0.2656555
0.3960656
0.5177055
0.3930443
0.3192871
0.2163768
0.536235
0.2620047
0.3693595
0.375206
0.4437244
0.3133096
0.2356542
0.4951155
0.4216344
0.3470157
0.3256103
0.3748945
0.295463
0.3844227
0.4016492
0.3906672
0.3642674
0.3555346
0.272934
0.3274853
0.2542857
0.3499585
0.290764
0.4050978
0.4151743
0.3913506
0.3169709
0.5275485
0.2972259
0.3252113
0.4078234
0.2938361
0.2504951
0.347631
0.4628404
0.3461513
0.4424929
0.4181123
0.5500224
0.5769872
0.5222431
0.2254057
0.3058126
0.5050679
0.4003693
0.3153178
0.2910496
0.3423759
0.3884377
0.4298294
0.2379963
0.4868807
0.5671793
0.2903081
0.3603806
0.4466049
0.3992357
0.3884301
0.3398639
0.2761637
0.2861692
0.2232543
0.3740185
0.2386009
0.4766672
0.2223085
0.4592673
0.3395979
0.4041486
0.3331334
0.4038586
0.573567
0.3061383
0.6567445
0.3006678
0.3686258
0.4382962
0.4108434
0.3639616
0.2814474
0.3951568
0.3407407
0.4109345
0.4476032
0.2949501
0.4513568
0.6305506
0.3395791
0.2433338
0.2791883
0.3062985
0.2011495
0.368443
0.5187377
0.3578901
0.383557
0.3390993
0.284224
0.4111079
0.3507
0.2180793
0.3666797
0.2123315
0.3156482
0.5680484
0.4126442
0.4296882
0.2819327
0.2868593
0.4267046
0.4066569
0.3631682
0.2949034
0.3006736
0.2079837
0.2718078
0.545736
0.3735438
0.3807081
0.4553486
0.3206924
0.3377314
0.2510076
0.5147822
0.3684462
0.3039958
0.2911101
0.3157887
0.487652
0.4293936
0.3209956
0.4480599
0.3352297
0.2408821
0.2261666
0.3090604
0.4026053
0.3578736
0.4260824
0.3659928
0.4265038
0.3379584
0.4084859
0.4292325
0.4170968
0.3663072
0.3078591
0.3055348
0.2948988
0.2104144
0.3253487
0.3532817
0.3315481
0.3804674
0.583456
0.6414548
0.2627871
0.3051129
0.3551669
0.3071119
0.4558219
0.2425407
0.2796314
0.4472149
0.315209
0.2769679
0.3719746
0.2887616
0.2226449
0.4191049
0.3237599
0.3165565
0.4285351
0.2914026
0.3489484
0.4434033
0.3499427
0.2151278
0.3989581
0.3330304
0.3383338
0.2641914
0.4668558
0.3282674
0.2435323
0.3508986
0.3468466
0.2733826
0.3098977
0.3437543
0.2861673
0.3225885
0.2540806
0.3947772
0.6135488
0.5220152
0.3814447
0.1675844
0.2284604
0.4632301
0.5338732
0.4079081
0.282129
0.3520656
0.4761999
0.5506863
0.2566475
0.2987152
0.277694
0.3695527
0.4103198
0.3007947
0.4715042
0.3313051
0.3768036
0.4369641
0.3031948
0.4274062
0.4984032
0.4418892
0.3735476
0.278906
0.3355718
0.4645975
0.3433731
0.353376
0.4438518
0.4819772
0.426568
0.3522228
0.4089579
0.4553778
0.2983278
0.4223211
0.3272137
0.1922429
0.3751572
0.3475405
0.7699303
0.4750166
0.3584179
0.4411872
0.4864735
0.6862462
0.4537493
0.7102769
0.4302599
0.3571922
0.3850041
0.4396756
0.2856539
0.4097186
0.5041926
0.600333
0.3649515
0.3155816
0.4297024
0.2432622
0.3395283
0.3588118
0.3067915
0.3397004
0.7221262
0.2823942
0.5446763
0.3686526
0.43513
0.4642265
0.3081948
0.4161005
0.3197545
0.2836798
0.4076043
0.3566518
0.419904
0.3831897
0.6580062
0.3840964
0.2858444
0.324924
0.2842273
0.669199
0.7894701
0.4628049
0.3339539
0.4093523
0.3252557
0.4109596
0.4821365
0.2503226
0.2743673
0.3944777
0.3247056
0.2344003
0.3721338
0.3820313
0.3854555
0.3067074
0.2469439
0.2470816
0.4282783
0.2566004
0.469405
0.3384423
0.5313808
0.5134027
0.2588726
0.2683397
0.358947
0.2751032
0.3627064
0.3659238
0.3749854
0.2241242
0.5902039
0.4511608
0.4002128
0.2087255
0.4359366
0.3548646
0.3493388
0.2555981
0.2953619
0.2364849
0.3203008
0.2470835
0.2835761
0.2005997
0.1976007
0.352943
0.2573748
0.386237
0.3814187
0.3720879
0.4219584
0.2689673
0.1898738
0.2392376
0.3234756
0.2678737
0.3221509
0.3913706
0.2698439
0.4477106
0.3976976
0.4684863
0.2378545
0.3231686
0.5184415
0.6081615
0.3481368
0.4242069
0.4143331
0.500804
0.4294527
0.3417153
0.5402668
0.4226634
0.3453961
0.4086122
0.4023649
0.338699
0.3663186
0.301729
0.3039514
0.4357355
0.3231685
0.3398413
0.4118663
0.408204
0.3372739
0.2904667
0.2919062
0.2179951
0.2995229
0.2673731
0.2804966
0.3734514
0.274718
0.2633395
0.230551
0.2915507
0.2826758
0.4155571
0.402861
0.2855896
0.2358958
0.4280591
0.2876837
0.3855385
0.2641918
0.4884596
0.3454392
0.3326561
0.3270712
0.3065794
0.2936045
0.2950197
0.2792057
0.6140603
0.4287347
0.2652721
0.244512
0.3787327
0.2878359
0.3652426
0.3911607
0.2303814
0.3079839
0.2947651
0.4767208
0.3178256
0.5039613
0.184501
0.4772927
0.6585222
0.4015019
0.2838435
0.256753
0.3985378
0.383582
0.4072949
0.4126908
0.3940494
0.6143527
0.5828792
0.2654729
0.3183176
0.3256422
0.3940357
0.5004879
0.3119114
0.4438713
0.3851847
0.3597917
0.2568009
0.2785832
0.3848843
0.3280413
0.2513342
0.3505624
0.3665115
0.2715529
0.4806881
0.482407
0.5419199
0.4209978
0.336487
0.2393818
0.2481085
0.2814939
0.4414545
0.2048518
0.3796309
0.4339222
0.4337025
0.4302406
0.5095344
0.3791777
0.4479993
0.3132877
0.3230258
0.3117642
0.4491389
0.5681341
0.463315
0.4456202
0.4492513
0.3344756
0.5761621
0.5654593
0.4029035
0.329742
0.4361973
0.3223795
0.3077105
0.3006259
0.3746032
0.3326121
0.5693388
0.505629
0.440259
0.3961521
0.4424578
0.5885931
0.7468053
0.2125679
0.2431389
0.4160224
0.242135
0.4748649
0.3181483
0.17871
0.2955867
0.2206307
0.274676
0.3903502
0.3064109
0.3452205
0.3160558
0.3373725
0.287156
0.2440752
0.2577751
0.3578779
0.4556952
0.4724445
0.3296397
0.2593187
0.171227
0.1870522
0.2307238
0.2466803
0.2588484
0.324669
0.3067203
0.3025558
0.4321688
0.2554836
0.5318225
0.374824
0.269272
0.289566
0.2785987
0.2318992
0.398916
0.3696094
0.5166003
0.2186812
0.3054633
0.2342121
0.235436
0.2559408
0.1617254
0.3593529
0.29832
0.2660686
0.359733
0.3452071
0.2601435
0.2664798
0.3313419
0.313268
0.3757031
0.4748052
0.4308334
0.346939
0.2291986
0.4008199
0.3940278
0.3990762
0.465853
0.2010736
0.3010792
0.4448597
0.3679901
0.21553
0.2883275
0.3274469
0.2121867
0.189032
0.3155839
0.2342445
0.3348894
0.249048
0.2596475
0.4315069
0.3456862
0.3060469
0.2974694
0.2959739
0.2924124
0.4163278
0.327542
0.2655036
0.2956604
0.3149939
0.3747863
0.2223135
0.4269007
0.3894863
0.2426132
0.2934119
0.2434424
0.3000566
0.2543245
0.2323104
0.3033482
0.2715101
0.3615811
0.2175275
0.1680094
0.2620827
0.2773495
0.2705076
0.2095266
0.2763026
0.2886442
0.257962
0.2167938
0.3338907
0.2301171
0.2013177
0.3250067
0.2571854
0.3408668
0.2275115
0.1645617
0.3342994
0.3265541
0.3441177
0.2950598
0.2905402
0.2768274
0.309648
0.364529
0.4425154
0.3085966
0.2425335
0.2459968
0.4913527
0.3327962
0.2422036
0.2988751
0.3616919
0.3142099
0.3720984
0.3196396
0.3825429
0.3071163
0.305834
0.2821148
0.2726069
0.445021
0.9641266
0.2958397
0.3727569
0.341951
0.2730343
0.4389387
0.3796108
0.2435162
0.2838349
0.3818542
0.3231335
0.2704037
0.3992763
0.3640824
0.3414854
0.4822582
0.4588011
0.3897997
0.2739749
0.3831468
0.346974
0.3308449
0.4966361
0.3774607
0.5305717
0.2964824
0.4944647
0.264459
0.331444
0.4561362
0.3490824
0.4903852
0.4903007
0.4269249
0.5126175
0.4699593
0.2916931
0.2785307
0.2896575
0.3440129
0.2817618
0.1870673
0.2639766
0.4623429
0.2200965
0.3620493
0.2447183
0.3800642
0.5437522
0.4762179
0.4002744
0.2196308
0.3381549
0.4150484
0.4864217
0.3744267
0.4458202
0.4322575
0.4121243
0.3609245
0.5156952
0.4872164
0.4716164
0.419545
0.300127
0.370191
0.2381011
0.2368959
0.2783194
0.2626106
0.3457905
0.2722429
0.2544402
0.4400949
0.4291615
0.5286417
0.4073494
0.3283024
0.3410792
0.3188854
0.4851967
0.3399697
0.3837875
0.2533667
0.286831
0.3306319
0.3466629
0.468722
0.3126369
0.2768284
0.3564851
0.5149775
0.5374289
0.3450642
0.3191861
0.3910976
0.433291
0.3027873
0.2966388
0.340099
0.3098879
0.2766869
0.3055371
0.4793241
0.41091
0.3570746
0.2831858
0.3048064
0.2943751
0.3177612
0.3007061
0.4228546
0.393873
0.3411306
0.3231896
0.3163996
0.2842132
0.2520127
0.2376761
0.3354962
0.2623699
0.2679257
0.4247222
0.6076485
0.3638349
0.328608
0.4051475
0.3142524
0.3263351
0.3366415
0.3213622
0.3016845
0.4120673
0.3582298
0.3503793
0.2821339
0.2226478
0.2702702
0.4956904
0.4686848
0.3123034
0.3035057
0.3788781
0.4348492
0.2783348
0.2576464
0.2602487
0.2877019
0.3763312
0.3910693
0.3510153
0.3145947
0.4111503
0.4212792
0.3175232
0.4479724
0.2477691
0.4133334
0.2381743
0.3167409
0.2905536
0.3113718
0.6020084
0.329241
0.2499392
0.3190379
0.3784609
0.235061
0.3162934
0.4483743
0.3432985
0.2752069
0.2773521
0.3663227
0.3738677
0.366995
0.3589946
0.4948128
0.478022
0.3461722
0.2680893
0.2023542
0.2292794
0.2516423
0.2273837
0.39633
0.3241572
0.3035416
0.2448399
0.4867894
0.313222
0.3294649
0.2503739
0.1916391
0.3868621
0.2433738
0.4505438
0.2693589
0.3280999
0.3710596
0.313087
0.3413917
0.4574385
0.4666936
0.3089677
0.3349959
0.2676547
0.2139165
0.2913824
0.3952817
0.1975857
0.2822347
0.267792
0.2371681
0.302222
0.4163436
0.4539497
0.2811261
0.2463918
0.5303313
0.5053815
0.5031359
0.3631403
0.4693815
0.4146709
0.4566195
0.2936329
0.4854781
0.2721065
0.434179
0.5683589
0.3273743
0.3197537
0.5590367
0.3644016
0.3315348
0.3596092
0.3706746
0.352534
0.4795934
0.3181139
0.2891275
0.2375226
0.3200366
0.3616017
0.2826302
0.4507453
0.2875832
0.3175624
0.381738
0.4897945
0.579166
0.5021179
0.4898804
0.495149
0.3062604
0.4212061
0.3061167
0.235097
0.3478397
0.2967343
0.2399287
0.4946323
0.3547102
0.388927
0.4637548
0.3203497
0.4296584
0.3817531
0.5373703
0.3438641
0.4726612
0.2763544
0.3663804
0.3502445
0.2265567
0.294407
0.3883585
0.3374378
0.4194286
0.386912
0.5236868
0.4500627
0.3410763
0.4141323
0.4972403
0.3125536
0.2922642
0.5122827
0.2047208
0.4163059
0.3971491
0.5630928
0.6208503
0.3741454
0.2912643
0.2784481
0.3091466
0.3896023
0.310327
0.2434238
0.2862977
0.2880513
0.2560688
0.356268
0.340902
0.5720133
0.2880085
0.5242257
0.4856073
0.5724868
0.4808344
0.295816
0.5567013
0.249745
0.3386071
0.4319101
0.2909547
0.2627308
0.4326814
0.3139122
0.4143348
0.467727
0.2875701
0.3105546
0.5439752
0.4335006
0.3381269
0.4129976
0.3286464
0.4609839
0.4229078
0.2911129
0.275581
0.4731298
0.3071907
0.2427507
0.2655533
0.4481381
0.4588318
0.4281284
0.4569807
0.359962
0.3824079
0.3563058
0.4781153
0.4094087
0.345164
0.4607466
0.332967
0.2066076
0.3732811
0.3049764
0.3158116
0.3998163
0.6069373
0.5938853
0.4344853
0.29793
0.4095575
0.6505959
0.4641743
0.3598778
0.3529939
0.4851947
0.4693667
0.5586697
0.3360458
0.4561238
0.4092886
0.4633916
0.5110903
0.3312341
0.3756693
0.3853113
0.3560197
0.5272977
0.4066701
0.4184853
0.4777114
0.2697771
0.3879993
0.3083717
0.3147642
0.2021947
0.2341125
0.2396834
0.4061252
0.4747306
0.4865879
0.3451413
0.750999
0.4216956
0.2796423
0.5729039
0.3107479
0.2761832
0.3283857
0.3515772
0.3146092
0.3019237
0.314823
0.6465113
0.4217281
0.2933059
0.3120747
0.410707
0.2982019
0.3467698
0.2970862
0.3319076
0.3297966
0.3433982
0.2749322
0.470204
0.3404345
0.4679257
0.6154224
0.4833897
0.4863439
0.3091378
0.349927
0.4669292
0.6074856
0.501526
0.3294963
0.3841874
0.2343619
0.4118823
0.3441865
0.4010975
0.3397062
0.3989465
0.5643814
0.3691439
0.5144888
0.3236192
0.3401653
0.2561559
0.3441487
0.4291337
0.3433891
0.2948519
0.2215573
0.3522738
0.2681865
0.2623083
0.3459307
0.3721716
0.2779055
0.3756653
0.4768373
0.3590985
0.4742969
0.5071282
0.4085239
0.4023965
0.4072212
0.3604804
0.4614195
0.3211392
0.6548623
0.4483781
0.5817407
0.5934009
0.3322581
0.5739317
0.3965175
0.276533
0.4057476
0.3537503
0.5725058
0.4186747
0.2718085
0.3374409
0.5722018
0.4648767
0.3291567
0.4644387
0.2585377
0.3703579
0.4370409
0.4655445
0.4489156
0.5302917
0.5156315
0.3039489
0.5901086
0.4414065
0.3161273
0.284459
0.3242711
0.3274842
0.313028
0.436213
0.2778664
0.3809755
0.2470563
0.3977427
0.3341015
0.4327333
0.6084848
0.4610486
0.448592
0.3940514
0.5110578
0.3015214
0.2854309
0.2867382
0.4341355
0.5249691
0.4408484
0.4176596
0.6103606
0.332799
0.3546425
0.4122675
0.4873814
0.4617312
0.4315968
0.392127
0.4896269
0.5079774
0.4378503
0.3626924
0.3847384
0.3519267
0.3699517
0.374754
0.3749937
0.424632
0.4782623
0.3628129
0.3544892
0.3704974
0.3837791
0.3650952
0.2863176
0.3275177
0.3105509
0.3081586
0.3913426
0.3277892
0.3838089
0.4052659
0.4647551
0.417347
0.3910467
0.4210796
0.4023151
0.3942034
0.5293448
0.3847427
0.2398381
0.2687067
0.2819906
0.8528475
0.4752225
0.4787141
0.4776366
0.3339497
0.2556332
0.2125819
0.2672599
0.2792342
0.3333191
0.2142654
0.3148388
0.4282871
0.3097178
0.5657209
0.4980677
0.7058131
0.3891182
0.6087288
0.6721527
0.3979123
0.4266045
0.53792
0.4968188
0.5511953
0.5490834
0.3512106
0.399031
0.2788984
0.3479358
0.4634099
0.5283062
0.5544775
0.3228815
0.3001794
0.3786394
0.4197352
0.4743148
0.3871509
0.4043552
0.6473358
0.3180678
0.5539975
0.4517539
0.5175095
0.4462655
0.3865172
0.3750822
0.4440004
0.6370214
0.6265613
0.4140354
0.3869452
0.5338733
0.3671548
0.3681821
0.5331274
0.4462182
0.4711226
0.5597841
0.4815346
0.3513612
0.3412951
0.2974211
0.4517537
0.4515429
0.276926
0.3666015
0.378849
0.3683855
0.4268905
0.5534712
0.424547
0.3936355
0.4835779
0.4320304
0.390009
0.4025546
0.2585132
0.4532946
0.4424308
0.3228255
0.391497
0.4073348
0.4319648
0.4112303
0.5008945
0.2893364
0.2289474
0.2237477
0.2263497
0.2390024
0.3398036
0.2837159
0.259065
0.2179068
0.2913728
0.2512944
0.2746307
0.3878539
0.3762276
0.4010055
0.4307673
0.3614534
0.2063619
0.2386463
0.3417622
0.3887446
0.4773223
0.427647
0.4223956
0.4875157
0.4092119
0.4735698
0.3829859
0.5817147
0.3116138
0.3263247
0.4133056
0.4438426
0.3884817
0.3438745
0.3057376
0.3201167
0.409007
0.3963188
0.4216263
0.4263919
0.3650658
0.5482507
0.4273864
0.2879581
0.4702992
0.4900565
0.5512534
0.4302213
0.4013236
0.4173364
0.3197728
0.5106148
0.5461183
0.3387102
0.3950081
0.3179624
0.3836605
0.2867836
0.3459631
0.4303195
0.410128
0.4176692
0.4319627
0.6067356
0.6346701
0.6399841
0.3475059
0.3638789
0.4585776
0.5783433
0.5102567
0.4723547
0.4235707
0.5011897
0.3993491
0.291488
0.3397902
0.2638249
0.457922
0.269669
0.4047382
0.2417579
0.5319548
0.3839681
0.2399072
0.5322245
0.3934086
0.3014585
0.402265
0.3808868
0.3942772
0.3202063
0.2803709
0.2679128
0.4861078
0.3341324
0.4062507
0.4317834
0.2671884
0.4457804
0.3954754
0.3374184
0.3444625
0.3274371
0.4085882
0.2497643
0.2974031
0.4695986
0.50134
0.7151763
0.3746955
0.448928
0.3653956
0.3756741
0.3918061
0.2630033
0.3359591
0.3130835
0.4448214
0.4282527
0.3850251
0.3858273
0.2874936
0.3363358
0.3540534
0.2818081
0.417146
0.3427888
0.3952315
0.2871044
0.3355176
0.7533555
0.4252927
0.4608761
0.396301
0.389435
0.494874
0.5677856
0.4504546
0.3709672
0.3189135
0.4879497
0.4522241
0.6022352
0.5378524
0.4115629
0.4568648
0.5056058
0.5118872
0.3725896
0.387406
0.3194034
0.6210808
0.5784538
0.3980293
0.4973946
0.3686956
0.3125202
0.3879474
0.3459055
0.3194273
0.3230517
0.2989339
0.4197181
0.6772222
0.3463155
0.4667432
0.8364725
0.3989655
0.3633151
0.3956695
0.4214001
0.2921128
0.328259
0.2819546
0.358267
0.3636349
0.4430138
0.3799337
0.2564495
0.4233824
0.4021334
0.7927436
0.4969335
0.3398405
0.4810078
0.4660079
0.3140722
0.1526675
0.2887548
0.2818787
0.3699524
0.3588948
0.3839475
0.4561134
0.4029661
0.5030724
0.4579799
0.3012812
0.482245
0.4976633
0.3309044
0.3099451
0.3974094
0.4949219
0.4274176
0.319986
0.4126601
0.3395703
0.3553219
0.2053435
0.281959
0.235077
0.1897943
0.2243192
0.3360008
0.4593313
0.4867495
0.3495416
0.3065118
0.5061497
0.4790193
0.5655648
0.376027
0.4709169
0.4237088
0.2198701
0.2921887
0.1819833
0.2049013
0.2876753
0.5049279
0.3472652
0.4194739
0.3362718
