0.4949425 5.436151e-05
0.4909481 5.350931e-05
0.4916558 5.381817e-05
0.4866275 5.315014e-05
0.4832636 5.286392e-05
0.4792778 5.254791e-05
0.4717362 5.154326e-05
0.4727689 5.201868e-05
0.4721755 5.192219e-05
0.4695314 5.148915e-05
0.4713201 5.077498e-05
0.4680119 5.127618e-05
0.4681982 5.089505e-05
0.4691247 5.034198e-05
0.4667345 5.046921e-05
0.4682014 4.966756e-05
0.4644772 4.927424e-05
0.4595984 4.875672e-05
0.4607607 4.810252e-05
0.459304 4.853075e-05
0.4509609 4.875944e-05
0.4512426 4.85339e-05
0.4492231 4.900224e-05
0.4516483 4.848161e-05
0.448296 4.841311e-05
0.4453073 4.753703e-05
0.4441948 4.712158e-05
0.4423959 4.708526e-05
0.4420387 4.610638e-05
0.4384725 4.661523e-05
0.4442887 4.614399e-05
0.4499849 4.534592e-05
0.4460271 4.483489e-05
0.4427798 4.45045e-05
0.4400727 4.360945e-05
0.4379264 4.420128e-05
0.4402596 4.398575e-05
0.4376865 4.366632e-05
0.4379324 4.329512e-05
0.432224 4.320412e-05
0.4355605 4.273001e-05
0.4327153 4.312664e-05
0.4361663 4.282951e-05
0.4343528 4.340191e-05
0.4330621 4.281017e-05
0.4381457 4.2129e-05
0.4389062 4.156823e-05
0.4424904 4.193581e-05
0.4479545 4.199517e-05
0.4471955 4.121218e-05
0.4452702 4.079563e-05
0.4417776 4.133376e-05
0.4413769 4.120005e-05
0.4447666 4.145773e-05
0.4440852 4.193871e-05
0.4412888 4.208675e-05
0.4425841 4.142523e-05
0.4415287 4.178386e-05
0.443665 4.17569e-05
0.4437794 4.112192e-05
0.4440981 4.022846e-05
0.4368974 4.050259e-05
0.4330674 4.00315e-05
0.4380857 3.963336e-05
0.4332979 3.899532e-05
0.4347178 3.904916e-05
0.4295398 3.876624e-05
0.4300412 3.860051e-05
0.4358361 3.865946e-05
0.4356234 3.798086e-05
0.4392365 3.841933e-05
0.441249 3.836268e-05
0.4383123 3.829512e-05
0.4400709 3.847853e-05
0.4385773 3.833447e-05
0.430249 3.844397e-05
0.4319804 3.874926e-05
0.437199 3.819539e-05
0.4316857 3.842543e-05
0.427188 3.835867e-05
0.4298943 3.906686e-05
0.4295185 3.90503e-05
0.4316988 3.865911e-05
0.4367944 3.813284e-05
0.4345956 3.821603e-05
0.4350729 3.781771e-05
0.4338301 3.824017e-05
0.4290934 3.794561e-05
0.4259831 3.744799e-05
0.4178035 3.721271e-05
0.4150482 3.711482e-05
0.4219167 3.728088e-05
0.419676 3.795023e-05
0.4181914 3.842436e-05
0.4097724 3.839183e-05
0.4083429 3.856651e-05
0.4037274 3.83792e-05
0.4011098 3.862306e-05
0.4035405 3.900174e-05
0.4040538 3.889466e-05
0.4040493 3.86875e-05
0.4074357 3.835634e-05
0.4117822 3.822509e-05
0.4087051 3.711585e-05
0.4051446 3.716155e-05
0.4036634 3.714959e-05
0.4039631 3.706753e-05
0.4025848 3.714612e-05
0.4034598 3.677074e-05
0.4008761 3.669361e-05
0.399843 3.665922e-05
0.3974129 3.717628e-05
0.4021375 3.669358e-05
0.4012893 3.612364e-05
0.3992712 3.563327e-05
0.3930059 3.595803e-05
0.3954083 3.545477e-05
0.3936192 3.525136e-05
0.3926817 3.534989e-05
0.3875201 3.54201e-05
0.3918656 3.601702e-05
0.3933794 3.562134e-05
0.3864753 3.564617e-05
0.3932263 3.550943e-05
0.3849369 3.509526e-05
0.3928635 3.522135e-05
0.3922147 3.551624e-05
0.3904216 3.523113e-05
0.3855776 3.490454e-05
0.3847584 3.441871e-05
0.3838013 3.412642e-05
0.3816929 3.333543e-05
0.3812941 3.352499e-05
0.3783297 3.314427e-05
0.3785095 3.265743e-05
0.3801939 3.248365e-05
0.3831426 3.259606e-05
0.3843615 3.33824e-05
0.3864856 3.379052e-05
0.3882419 3.414025e-05
0.3847011 3.393676e-05
0.3875256 3.399535e-05
0.3853955 3.377272e-05
0.3909583 3.381129e-05
0.3915108 3.379695e-05
0.3928882 3.401833e-05
0.4021406 3.460984e-05
0.4087195 3.468286e-05
0.4112235 3.510423e-05
0.4097279 3.474854e-05
0.4126033 3.448851e-05
0.4051359 3.427541e-05
0.406599 3.446318e-05
0.409776 3.438168e-05
0.4132489 3.44783e-05
0.4128859 3.501789e-05
0.4166299 3.46371e-05
0.4189754 3.471153e-05
0.414938 3.417024e-05
0.4201318 3.424762e-05
0.4243274 3.426474e-05
0.4220763 3.404822e-05
0.4233936 3.32889e-05
0.4277933 3.344231e-05
0.4287947 3.355328e-05
0.4313097 3.337246e-05
0.433223 3.319349e-05
0.4296873 3.348479e-05
0.4313754 3.345447e-05
0.4310823 3.37252e-05
0.4364846 3.399403e-05
0.4402079 3.403967e-05
0.4400785 3.424625e-05
0.4449602 3.449687e-05
0.4455365 3.364181e-05
0.4413599 3.381667e-05
0.4388475 3.419347e-05
0.4364585 3.403765e-05
0.443644 3.395111e-05
0.4462994 3.317979e-05
0.4494735 3.260531e-05
0.4554982 3.267161e-05
0.46175 3.306132e-05
0.4540282 3.263733e-05
0.4479206 3.264641e-05
0.4460581 3.239699e-05
0.4442424 3.247542e-05
0.4434336 3.245626e-05
0.4385777 3.26333e-05
0.4378193 3.290244e-05
0.4337418 3.21621e-05
0.4308088 3.236492e-05
0.4317989 3.188372e-05
0.4332665 3.1934e-05
0.4257063 3.192267e-05
0.4248877 3.219287e-05
0.4244812 3.166276e-05
0.4161959 3.155172e-05
0.4165773 3.125257e-05
0.4168753 3.148553e-05
0.4165949 3.190009e-05
0.4246537 3.204612e-05
0.4248103 3.176666e-05
0.4246872 3.156703e-05
0.4250122 3.167574e-05
0.4239382 3.159298e-05
0.4217817 3.129061e-05
0.4214981 3.135749e-05
0.4237684 3.111114e-05
0.4264861 3.093362e-05
0.4198269 3.127079e-05
0.4158106 3.118813e-05
0.4135785 3.109775e-05
0.4117444 3.135353e-05
0.4064978 3.099941e-05
0.4113639 3.081451e-05
0.4106017 3.088542e-05
0.4065666 3.06648e-05
0.4080799 3.05331e-05
0.4075728 3.040257e-05
0.4088029 2.98555e-05
0.406503 2.990012e-05
0.4052243 2.988277e-05
0.4045223 2.979413e-05
0.4063102 2.919594e-05
0.4080852 2.910263e-05
0.4113457 2.932759e-05
0.4101138 2.977212e-05
0.4077444 2.967522e-05
0.4121249 2.93247e-05
0.4074378 2.896553e-05
0.40439 2.880058e-05
0.4023 2.85362e-05
0.4000868 2.834911e-05
0.401286 2.837004e-05
0.3997384 2.823895e-05
0.3996753 2.832616e-05
0.4067914 2.801201e-05
0.4073951 2.804617e-05
0.4055101 2.812832e-05
0.4067325 2.771285e-05
0.4077602 2.786619e-05
0.4069898 2.773144e-05
0.4007382 2.811301e-05
0.4019418 2.768203e-05
0.4053772 2.76443e-05
0.4036141 2.745789e-05
0.4095125 2.708228e-05
0.4093471 2.724494e-05
0.4085414 2.728241e-05
0.4065308 2.754174e-05
0.4086822 2.752924e-05
0.4039859 2.776587e-05
0.403495 2.804916e-05
0.4038068 2.835808e-05
0.4038168 2.860871e-05
0.4067989 2.843015e-05
0.4129817 2.810242e-05
0.4092592 2.819866e-05
0.4083731 2.790082e-05
0.4081567 2.776376e-05
0.4106866 2.77397e-05
0.4155586 2.765538e-05
0.4147615 2.7629e-05
0.4154892 2.78553e-05
0.4152866 2.79247e-05
0.4121501 2.817315e-05
0.4097163 2.830905e-05
0.403471 2.847135e-05
0.4020408 2.854281e-05
0.4008978 2.839863e-05
0.4007254 2.875499e-05
0.394399 2.845451e-05
0.3960137 2.819403e-05
0.3942143 2.834747e-05
0.3905794 2.886197e-05
0.3942125 2.859767e-05
0.3903943 2.890987e-05
0.3925469 2.882696e-05
0.4008994 2.91616e-05
0.3972555 2.859405e-05
0.4003733 2.833393e-05
0.3956965 2.832342e-05
0.395248 2.82505e-05
0.3924424 2.826078e-05
0.3930853 2.858059e-05
0.3974133 2.874894e-05
0.3984266 2.834674e-05
0.4005387 2.829567e-05
0.3984808 2.824405e-05
0.39489 2.836991e-05
0.3943845 2.845698e-05
0.3937577 2.787842e-05
0.3899511 2.813495e-05
0.3859052 2.830587e-05
0.3890568 2.794259e-05
0.3897364 2.784277e-05
0.3833951 2.706347e-05
0.3816969 2.687053e-05
0.384169 2.68704e-05
0.3873485 2.703444e-05
0.3879502 2.727199e-05
0.3885066 2.713228e-05
0.389547 2.733795e-05
0.3898589 2.713176e-05
0.3895285 2.69902e-05
0.3864588 2.69696e-05
0.3818806 2.69934e-05
0.3804983 2.662062e-05
0.3845437 2.631316e-05
0.3846556 2.662869e-05
0.3866081 2.696265e-05
0.3813434 2.742966e-05
0.3788637 2.736725e-05
0.3813178 2.706612e-05
0.3825334 2.700647e-05
0.3816932 2.677467e-05
0.3803157 2.650467e-05
0.3733322 2.64965e-05
0.3784505 2.599403e-05
0.3783322 2.628024e-05
0.3731054 2.610998e-05
0.3754986 2.608673e-05
0.371205 2.605523e-05
0.3745175 2.631429e-05
0.3738908 2.629155e-05
0.3749615 2.608859e-05
0.3755184 2.620005e-05
0.3735429 2.611335e-05
0.3748117 2.587563e-05
0.3751611 2.563151e-05
0.381575 2.55048e-05
0.3801725 2.550194e-05
0.3767909 2.591809e-05
0.3729947 2.602525e-05
0.375823 2.610031e-05
0.3823272 2.624767e-05
0.3788678 2.575872e-05
0.3761542 2.589019e-05
0.3773434 2.551429e-05
0.3792875 2.530607e-05
0.383308 2.556273e-05
0.3781912 2.560128e-05
0.3776858 2.553515e-05
0.376858 2.512555e-05
0.3827245 2.495357e-05
0.3813023 2.485838e-05
0.3855964 2.457365e-05
0.382873 2.413632e-05
0.3889129 2.405511e-05
0.3914154 2.403681e-05
0.3856938 2.396768e-05
0.3849238 2.416359e-05
0.3824601 2.407627e-05
0.3843028 2.392428e-05
0.3822342 2.419118e-05
0.3827768 2.398142e-05
0.3793386 2.375787e-05
0.3855873 2.392868e-05
0.3845956 2.335119e-05
0.3855843 2.336464e-05
0.3868905 2.359078e-05
0.3825868 2.396404e-05
0.3794038 2.413519e-05
0.3789017 2.416697e-05
0.3818253 2.403034e-05
0.3836911 2.381994e-05
0.3873138 2.357384e-05
0.3861435 2.354064e-05
0.3881116 2.349035e-05
0.3880274 2.35457e-05
0.3826556 2.306921e-05
0.3839701 2.304803e-05
0.3812851 2.278332e-05
0.3833333 2.310014e-05
0.3783589 2.349641e-05
0.3775155 2.354391e-05
0.3720609 2.394254e-05
0.3710421 2.393428e-05
0.3778968 2.396397e-05
0.3723688 2.438409e-05
0.375035 2.377517e-05
0.3788944 2.354306e-05
0.3772533 2.367499e-05
0.381519 2.330684e-05
0.3826277 2.326649e-05
0.3850956 2.336558e-05
0.3883793 2.341255e-05
0.3861624 2.344288e-05
0.382239 2.361436e-05
0.38218 2.356085e-05
0.3777984 2.403906e-05
0.3730243 2.382312e-05
0.3689285 2.398581e-05
0.3695839 2.406165e-05
0.3712391 2.405061e-05
0.3695661 2.366877e-05
0.3663171 2.377656e-05
0.3605734 2.386482e-05
0.360654 2.409683e-05
0.3635931 2.391919e-05
0.3645248 2.337651e-05
0.3699945 2.362464e-05
0.3670356 2.368945e-05
0.3629453 2.37406e-05
0.3672565 2.389447e-05
0.3725956 2.400439e-05
0.36891 2.413282e-05
0.3685885 2.381467e-05
0.3680508 2.367883e-05
0.3664253 2.348738e-05
0.3694579 2.363442e-05
0.3667639 2.344895e-05
0.3657157 2.374179e-05
0.3637043 2.383399e-05
0.3611225 2.377717e-05
0.3605486 2.375574e-05
0.3617496 2.379609e-05
0.3609467 2.358143e-05
0.3580172 2.368228e-05
0.3541798 2.363829e-05
0.3530784 2.397676e-05
0.3576095 2.393768e-05
0.3617413 2.380039e-05
0.3625338 2.385596e-05
0.3599478 2.396023e-05
0.3576772 2.397029e-05
0.3576263 2.393648e-05
0.3586286 2.398888e-05
0.3615006 2.394742e-05
0.3685894 2.394458e-05
0.3764731 2.37858e-05
0.3735709 2.329642e-05
0.3751163 2.310895e-05
0.3753166 2.322817e-05
0.3752517 2.325756e-05
0.378793 2.309642e-05
0.3782056 2.303834e-05
0.3711436 2.313367e-05
0.3700897 2.317055e-05
0.3646035 2.311314e-05
0.3666614 2.318964e-05
0.3697763 2.268548e-05
0.3674433 2.270364e-05
0.364663 2.291243e-05
0.3670251 2.273344e-05
0.3708573 2.250566e-05
0.3707453 2.249697e-05
0.3638802 2.262427e-05
0.3576611 2.246082e-05
0.3654307 2.23365e-05
0.3605728 2.205541e-05
0.3624076 2.176005e-05
0.3639679 2.162459e-05
0.3653406 2.173299e-05
0.3692733 2.149112e-05
0.3655008 2.164788e-05
0.3612176 2.161059e-05
0.3615517 2.143522e-05
0.370899 2.171796e-05
0.3701961 2.184724e-05
0.3736703 2.163142e-05
0.3714424 2.161408e-05
0.3731562 2.186985e-05
0.3764744 2.174689e-05
0.3783547 2.200531e-05
0.3805219 2.212829e-05
0.3756247 2.196451e-05
0.3762388 2.216655e-05
0.3775169 2.164454e-05
0.3795908 2.186535e-05
0.3815656 2.198181e-05
0.3802433 2.239443e-05
0.3751495 2.245722e-05
0.3767845 2.249034e-05
0.3755863 2.22349e-05
0.3746343 2.171496e-05
0.3703399 2.143923e-05
0.365905 2.124059e-05
0.3629528 2.12088e-05
0.364066 2.155323e-05
0.3641663 2.141639e-05
0.3626867 2.099164e-05
0.3679436 2.11172e-05
0.3708506 2.124777e-05
0.3688036 2.144186e-05
0.3623641 2.121472e-05
0.3633902 2.13203e-05
0.3626028 2.117065e-05
0.3595925 2.112896e-05
0.3600921 2.114083e-05
0.358589 2.153737e-05
0.3614032 2.147507e-05
0.3586723 2.142542e-05
0.3580032 2.129815e-05
0.3612368 2.124361e-05
0.3603103 2.14779e-05
0.3576961 2.169856e-05
0.3553668 2.145453e-05
0.3557619 2.150549e-05
0.3561195 2.149446e-05
0.3561933 2.18167e-05
0.3521114 2.141753e-05
0.3538228 2.136504e-05
0.3507203 2.143627e-05
0.3437345 2.126498e-05
0.3433139 2.131721e-05
0.3431625 2.140457e-05
0.3424661 2.12345e-05
0.3417404 2.145351e-05
0.3384968 2.123274e-05
0.332075 2.150843e-05
0.3337657 2.169621e-05
0.3356135 2.181589e-05
0.339237 2.169892e-05
0.3375823 2.203644e-05
0.3318899 2.219625e-05
0.3349172 2.233568e-05
0.335532 2.204365e-05
0.337221 2.226319e-05
0.3382487 2.221619e-05
0.334589 2.189471e-05
0.3367562 2.190716e-05
0.3380289 2.183923e-05
0.3398301 2.166115e-05
0.3378654 2.179991e-05
0.3380051 2.207915e-05
0.3381826 2.194766e-05
0.3421325 2.178102e-05
0.3432351 2.181973e-05
0.3414228 2.173402e-05
0.3414899 2.200823e-05
0.3443911 2.187675e-05
0.3422428 2.138067e-05
0.3392576 2.142381e-05
0.3368507 2.16282e-05
0.3413489 2.197654e-05
0.339274 2.162571e-05
0.3404329 2.184748e-05
0.3394328 2.188295e-05
0.3362935 2.169421e-05
0.3355741 2.176315e-05
0.3361221 2.196399e-05
0.3344398 2.176431e-05
0.3331923 2.188252e-05
0.3296499 2.190732e-05
0.3206931 2.207748e-05
0.324724 2.159048e-05
0.3214414 2.188286e-05
0.3210725 2.174118e-05
0.323617 2.197434e-05
0.3240833 2.165513e-05
0.3226765 2.141102e-05
0.3264758 2.16014e-05
0.3298204 2.186911e-05
0.3301501 2.146347e-05
0.3305908 2.173372e-05
0.3291092 2.163253e-05
0.3277973 2.144038e-05
0.3286539 2.142077e-05
0.330847 2.136753e-05
0.3238284 2.139506e-05
0.3258832 2.130834e-05
0.328394 2.097449e-05
0.3272148 2.086721e-05
0.3306008 2.046362e-05
0.3269581 2.042591e-05
0.3283519 2.000878e-05
0.3293748 1.993551e-05
0.3273072 1.998211e-05
0.3307148 1.985857e-05
0.3349242 1.986306e-05
0.3312366 1.9793e-05
0.3299707 1.99383e-05
0.3306035 1.963215e-05
0.3261327 1.973784e-05
0.321537 1.99707e-05
0.3237019 2.003084e-05
0.3203705 2.012458e-05
0.3236199 2.000831e-05
0.3223112 1.959701e-05
0.3160678 1.96321e-05
0.3138021 1.949376e-05
0.3085009 1.967508e-05
0.3055009 1.98328e-05
0.3011551 1.992069e-05
0.303302 1.996828e-05
0.3053833 1.984681e-05
0.3055273 1.955606e-05
0.3071181 1.942424e-05
0.3151684 1.934275e-05
0.3219704 1.936683e-05
0.3191005 1.94113e-05
0.3261122 1.932388e-05
0.3258458 1.896916e-05
0.3272316 1.895109e-05
0.3311034 1.909643e-05
0.3340151 1.901496e-05
0.3353036 1.925667e-05
0.3352953 1.932811e-05
0.3365784 1.934617e-05
0.3367067 1.920743e-05
0.3328687 1.912584e-05
0.328446 1.912882e-05
0.3303806 1.904681e-05
0.3317562 1.897534e-05
0.3243618 1.935194e-05
0.3271504 1.957077e-05
0.3234969 1.935586e-05
0.3239598 1.919115e-05
0.3243341 1.898529e-05
0.3251251 1.898536e-05
0.320055 1.888861e-05
0.3227429 1.914239e-05
0.3236165 1.909523e-05
0.328086 1.890417e-05
0.3260244 1.900392e-05
0.3183988 1.920352e-05
0.3222197 1.935449e-05
0.3128915 1.956759e-05
0.3062954 1.957699e-05
0.3080018 1.9435e-05
0.3156332 1.945527e-05
0.3154574 1.939793e-05
0.315324 1.914596e-05
0.3121819 1.881515e-05
0.3155619 1.891317e-05
0.3155235 1.894972e-05
0.3155624 1.913955e-05
0.3211879 1.877354e-05
0.3204049 1.882183e-05
0.3223453 1.883107e-05
0.3228398 1.856474e-05
0.3194723 1.865754e-05
0.3217923 1.848369e-05
0.3263537 1.84529e-05
0.3233787 1.825638e-05
0.3226751 1.818344e-05
0.3199212 1.824364e-05
0.3191723 1.819862e-05
0.3199419 1.847278e-05
0.3185365 1.837615e-05
0.3219729 1.827447e-05
0.3206392 1.844869e-05
0.3222256 1.831592e-05
0.3207099 1.837236e-05
0.3211729 1.829694e-05
0.3159972 1.838366e-05
0.3154857 1.844228e-05
0.3169829 1.851888e-05
0.3175833 1.827906e-05
0.3186088 1.840217e-05
0.3190303 1.835619e-05
0.3198014 1.819205e-05
0.3201352 1.842408e-05
0.3213728 1.837304e-05
0.3169177 1.825727e-05
0.3173512 1.828719e-05
0.3216646 1.829449e-05
0.3207911 1.801876e-05
0.3201177 1.782912e-05
0.3202013 1.77497e-05
0.3223573 1.800507e-05
0.3233726 1.793129e-05
0.3223895 1.810377e-05
0.3239835 1.780308e-05
0.326505 1.789979e-05
0.3209693 1.802147e-05
0.3218218 1.784466e-05
0.3230953 1.757085e-05
0.3189048 1.757418e-05
0.3215501 1.774731e-05
0.3236452 1.769684e-05
0.3296967 1.777355e-05
0.3290118 1.750373e-05
0.3285017 1.730594e-05
0.3254632 1.710129e-05
0.3246405 1.691788e-05
0.3248709 1.717304e-05
0.3228222 1.736826e-05
0.3241131 1.74243e-05
0.3256963 1.765221e-05
0.3263088 1.758424e-05
0.3278239 1.74906e-05
0.3260347 1.74283e-05
0.3271397 1.748754e-05
0.3322693 1.729314e-05
0.3353382 1.699029e-05
0.3325054 1.684048e-05
0.335501 1.650571e-05
0.3307527 1.622339e-05
0.3276369 1.629089e-05
0.3306845 1.644316e-05
0.3233805 1.630208e-05
0.3221435 1.63685e-05
0.3161409 1.608453e-05
0.3129259 1.611686e-05
0.3134642 1.602032e-05
0.307607 1.608579e-05
0.3114093 1.647965e-05
0.3169943 1.651219e-05
0.3193103 1.65363e-05
0.3165087 1.648393e-05
0.3151521 1.673362e-05
0.3154432 1.673944e-05
0.3146595 1.690149e-05
0.3161406 1.701231e-05
0.3195693 1.703587e-05
0.3212875 1.720369e-05
0.3211072 1.700454e-05
0.3154069 1.689321e-05
0.3141714 1.717667e-05
0.3152181 1.726923e-05
0.3198184 1.704551e-05
0.3211615 1.682555e-05
0.3225552 1.688881e-05
0.326277 1.719861e-05
0.3237277 1.739516e-05
0.3240214 1.688229e-05
0.3216722 1.702126e-05
0.3253305 1.710764e-05
0.3297909 1.681782e-05
0.3251113 1.694104e-05
0.3261859 1.684948e-05
0.3190416 1.692141e-05
0.3170918 1.692934e-05
0.3144841 1.675175e-05
0.3136346 1.684327e-05
0.311343 1.680609e-05
0.31289 1.713569e-05
0.3151226 1.71797e-05
0.3166246 1.719885e-05
0.3172819 1.716371e-05
0.3179829 1.705044e-05
0.3151374 1.704586e-05
0.3183901 1.704561e-05
0.3151473 1.715159e-05
0.3201357 1.690995e-05
0.3243856 1.672373e-05
0.3212003 1.666691e-05
0.3150189 1.683087e-05
0.3174857 1.683248e-05
0.3135456 1.668147e-05
0.3127786 1.674493e-05
0.3190733 1.686627e-05
0.3164362 1.685477e-05
0.3125159 1.679995e-05
0.3097884 1.663689e-05
0.3100071 1.663099e-05
0.3099507 1.669508e-05
0.3066021 1.674972e-05
0.3079558 1.690437e-05
0.3072827 1.650567e-05
0.3092898 1.659113e-05
0.3058144 1.666177e-05
0.3007292 1.648735e-05
0.2944714 1.649244e-05
0.2967116 1.639794e-05
0.2953988 1.662216e-05
0.2949138 1.667741e-05
0.2982033 1.650343e-05
0.3005159 1.642568e-05
0.2981737 1.65229e-05
0.2984793 1.639474e-05
0.2980651 1.637745e-05
0.2963826 1.616852e-05
0.2970565 1.636489e-05
0.297155 1.655126e-05
0.2949868 1.651514e-05
0.29142 1.65719e-05
0.2951783 1.658762e-05
0.2908582 1.654001e-05
0.2916456 1.653933e-05
0.2901098 1.657361e-05
0.2873302 1.670046e-05
0.2885383 1.656211e-05
0.2890826 1.633884e-05
0.286788 1.620078e-05
0.2849255 1.647226e-05
0.2843373 1.656723e-05
0.2833418 1.599276e-05
0.2838093 1.61177e-05
0.2828386 1.60205e-05
0.2799873 1.603543e-05
0.2797981 1.595536e-05
0.2787689 1.625917e-05
0.2784243 1.598067e-05
0.2782252 1.611053e-05
0.2717542 1.633307e-05
0.2722652 1.639286e-05
0.2752086 1.643953e-05
0.2725418 1.643195e-05
0.2721431 1.656593e-05
0.278166 1.666577e-05
0.2726156 1.670764e-05
0.2730592 1.666203e-05
0.2767393 1.667173e-05
0.2772512 1.684532e-05
0.2832446 1.719594e-05
0.2814469 1.735691e-05
0.2793763 1.733856e-05
0.2821084 1.696257e-05
0.2824035 1.687721e-05
0.2846813 1.680332e-05
0.2811294 1.679783e-05
0.2778413 1.701724e-05
0.2741689 1.675007e-05
0.2766868 1.682973e-05
0.2732408 1.685903e-05
0.2691317 1.692784e-05
0.2715777 1.676272e-05
0.266126 1.649527e-05
0.261114 1.6666e-05
0.2574529 1.655064e-05
0.2588555 1.658546e-05
0.2562881 1.648043e-05
0.258408 1.641809e-05
0.2620209 1.646039e-05
0.2648503 1.646e-05
0.2658898 1.647611e-05
0.2685434 1.656384e-05
0.2662095 1.674401e-05
0.2684264 1.673526e-05
0.269577 1.67869e-05
0.2636771 1.657045e-05
0.2672288 1.644951e-05
0.2725432 1.690524e-05
0.2696581 1.681308e-05
0.2685809 1.67237e-05
0.2747595 1.692415e-05
0.2773037 1.697493e-05
0.2747978 1.726127e-05
0.2786953 1.731734e-05
0.2800053 1.735422e-05
0.2769579 1.68351e-05
0.2787503 1.677493e-05
0.2758343 1.6769e-05
0.2744542 1.655692e-05
0.2734241 1.654093e-05
0.2716774 1.654917e-05
0.2763448 1.626844e-05
0.2773109 1.621866e-05
0.2758545 1.615707e-05
0.2739064 1.633523e-05
0.2740862 1.63123e-05
0.2749391 1.631378e-05
0.2763444 1.626581e-05
0.2745108 1.643936e-05
0.2750197 1.614312e-05
0.2681886 1.623504e-05
0.267853 1.634933e-05
0.2659787 1.603185e-05
0.2661061 1.585247e-05
0.2619787 1.567975e-05
0.2672752 1.548076e-05
0.2645179 1.542496e-05
0.2575599 1.558115e-05
0.2600708 1.537589e-05
0.2622478 1.556766e-05
0.2598876 1.561099e-05
0.2569339 1.564216e-05
0.2559559 1.575731e-05
0.2514799 1.598826e-05
0.2523678 1.614022e-05
0.2547537 1.572524e-05
0.2556235 1.599483e-05
0.2550827 1.598436e-05
0.2564518 1.570726e-05
0.2540458 1.561374e-05
0.2541755 1.567282e-05
0.2577287 1.565821e-05
0.2595297 1.60375e-05
0.258608 1.636403e-05
0.2595691 1.642376e-05
0.2687862 1.646199e-05
0.2722573 1.610919e-05
0.2744221 1.586818e-05
0.2717087 1.597978e-05
0.2724346 1.595203e-05
0.2725959 1.569873e-05
0.2742071 1.588395e-05
0.2701451 1.577007e-05
0.2673798 1.580077e-05
0.2661752 1.595459e-05
0.2683798 1.624195e-05
0.2738385 1.638186e-05
0.2751017 1.639512e-05
0.2754747 1.6344e-05
0.2766025 1.629295e-05
0.2750805 1.659415e-05
0.2781573 1.689038e-05
0.277607 1.718847e-05
0.2779886 1.737384e-05
0.2758022 1.730412e-05
0.2756224 1.723486e-05
0.2685347 1.723867e-05
0.2629388 1.710723e-05
0.2651287 1.71448e-05
0.2653706 1.75045e-05
0.2669929 1.756495e-05
0.2647197 1.732784e-05
0.2666823 1.730787e-05
0.2669406 1.713941e-05
0.2647512 1.758042e-05
0.260386 1.76686e-05
0.2632936 1.777021e-05
0.2641537 1.780648e-05
0.269278 1.79025e-05
0.2696611 1.810215e-05
0.2715567 1.802813e-05
0.2733618 1.815791e-05
0.2743463 1.818216e-05
0.2754886 1.83977e-05
0.2773705 1.834905e-05
0.2785986 1.824399e-05
0.2758034 1.834364e-05
0.2694663 1.835722e-05
0.2673469 1.835001e-05
0.265795 1.853054e-05
0.2649285 1.869884e-05
0.2671723 1.878731e-05
0.267593 1.872534e-05
0.2652933 1.835726e-05
0.2662168 1.844966e-05
0.2657958 1.809963e-05
0.2606979 1.806429e-05
0.2652289 1.816488e-05
0.2680747 1.823821e-05
0.2643997 1.830016e-05
0.2685743 1.846489e-05
0.2688838 1.850267e-05
0.2685679 1.881404e-05
0.2742482 1.874762e-05
0.2757707 1.906127e-05
0.2756178 1.892486e-05
0.2780784 1.874978e-05
0.2771374 1.86229e-05
0.2732152 1.856163e-05
0.2732235 1.86664e-05
0.2710208 1.868136e-05
0.2686764 1.875245e-05
0.2752363 1.853477e-05
0.2725114 1.850659e-05
0.2760353 1.874392e-05
0.2764893 1.863995e-05
0.2844629 1.854477e-05
0.2834218 1.85202e-05
0.2821601 1.859149e-05
0.2815976 1.869729e-05
0.2796587 1.829507e-05
0.2846853 1.843458e-05
0.2783718 1.857002e-05
0.280638 1.82049e-05
0.2806278 1.816303e-05
0.2784856 1.819247e-05
0.277219 1.794492e-05
0.2807788 1.775387e-05
0.2829877 1.73358e-05
0.2856908 1.75231e-05
0.2843196 1.762475e-05
0.285241 1.747862e-05
0.2826834 1.763546e-05
0.2844856 1.766691e-05
0.2823908 1.788626e-05
0.279239 1.789756e-05
0.2842605 1.756473e-05
0.2831989 1.773337e-05
0.2895264 1.778373e-05
0.2888815 1.794018e-05
0.2912903 1.826734e-05
0.289853 1.837897e-05
0.2858281 1.832363e-05
0.2847535 1.83594e-05
0.2839913 1.829423e-05
0.284351 1.851128e-05
0.2865948 1.841032e-05
0.2886037 1.851049e-05
0.2928851 1.826836e-05
0.2960896 1.814026e-05
0.3010947 1.82519e-05
0.2990034 1.849213e-05
0.2971034 1.856005e-05
0.2986983 1.875423e-05
0.2980681 1.880465e-05
0.3006441 1.863165e-05
0.2990562 1.855432e-05
0.2999366 1.827234e-05
0.2928952 1.84974e-05
0.2903508 1.807443e-05
0.290082 1.76668e-05
0.2901806 1.731548e-05
0.2895239 1.722137e-05
0.2921475 1.693134e-05
0.2925165 1.666171e-05
0.2945044 1.673037e-05
0.2918572 1.670246e-05
0.2969161 1.661259e-05
0.2942391 1.687379e-05
0.2937439 1.694127e-05
0.293765 1.703569e-05
0.2974258 1.673743e-05
0.298484 1.679371e-05
0.3023606 1.677208e-05
0.2993417 1.652367e-05
0.2983304 1.646513e-05
0.3018011 1.645144e-05
0.3030862 1.642403e-05
0.3054759 1.645903e-05
0.2995701 1.634001e-05
0.2969799 1.637175e-05
0.2972029 1.62049e-05
0.3025035 1.625746e-05
0.3030029 1.646434e-05
0.3031108 1.65878e-05
0.2983634 1.686458e-05
0.2923438 1.687816e-05
0.2900741 1.668866e-05
0.2888679 1.659567e-05
0.29236 1.660165e-05
0.2924787 1.654681e-05
0.2933422 1.633816e-05
0.2988596 1.617707e-05
0.2936806 1.582308e-05
0.2936929 1.582406e-05
0.2947881 1.594304e-05
0.3008593 1.584194e-05
0.2979978 1.606153e-05
0.2933248 1.588789e-05
0.291384 1.62603e-05
0.2928791 1.630807e-05
0.2890273 1.651544e-05
0.286103 1.665982e-05
0.290953 1.665688e-05
0.2961093 1.707456e-05
0.2998352 1.693568e-05
0.2964793 1.735088e-05
0.2936444 1.7242e-05
0.2943868 1.708279e-05
0.2947019 1.698749e-05
0.2928641 1.722936e-05
0.2955954 1.742654e-05
0.2956039 1.732105e-05
0.2930228 1.740669e-05
0.2977803 1.746723e-05
0.2977978 1.761622e-05
0.2959291 1.747294e-05
0.2958363 1.758661e-05
0.2906188 1.76738e-05
0.2912546 1.788936e-05
0.2911977 1.804239e-05
0.2879637 1.80558e-05
0.285476 1.79336e-05
0.2841747 1.79665e-05
0.2824701 1.75703e-05
0.2804567 1.72456e-05
0.2822159 1.713848e-05
0.2839912 1.724911e-05
0.2817364 1.749487e-05
0.283843 1.761829e-05
0.2855152 1.758667e-05
0.2863074 1.769653e-05
0.2889038 1.787727e-05
0.2874664 1.779151e-05
0.2881262 1.773678e-05
0.2858966 1.746516e-05
0.2872029 1.733106e-05
0.2844243 1.706075e-05
0.2839794 1.715452e-05
0.2861351 1.703755e-05
0.2915666 1.705283e-05
0.2846156 1.690289e-05
0.2840076 1.683609e-05
0.2823556 1.690909e-05
0.2796925 1.693676e-05
0.2748655 1.699715e-05
0.2811608 1.700766e-05
0.2830404 1.717976e-05
0.2835701 1.745561e-05
0.2805125 1.716685e-05
0.2823538 1.705404e-05
0.2736821 1.702245e-05
0.2711118 1.703435e-05
0.2730831 1.742885e-05
0.2708556 1.72402e-05
0.2693935 1.725775e-05
0.2689341 1.744592e-05
0.2692711 1.718535e-05
0.273078 1.713808e-05
0.2762373 1.716334e-05
0.2801901 1.711503e-05
0.2807882 1.702572e-05
0.287741 1.709984e-05
0.2868512 1.728538e-05
0.2867965 1.729957e-05
0.2868732 1.755931e-05
0.2828454 1.74992e-05
0.2805275 1.748303e-05
0.285248 1.720612e-05
0.2829076 1.737751e-05
0.2880009 1.735566e-05
0.2884425 1.747308e-05
0.2877469 1.725411e-05
0.2858466 1.708289e-05
0.2836668 1.732222e-05
0.2827736 1.719395e-05
0.2793116 1.72106e-05
0.2719385 1.707472e-05
0.277853 1.697305e-05
0.2797 1.709426e-05
0.2757677 1.715562e-05
0.2802709 1.730926e-05
0.2776889 1.739677e-05
0.276057 1.747474e-05
0.2739695 1.735223e-05
0.2782963 1.7659e-05
0.277611 1.741396e-05
0.2756629 1.733224e-05
0.2748934 1.703304e-05
0.2776454 1.693838e-05
0.2781923 1.688956e-05
0.2837873 1.694933e-05
0.2806048 1.694871e-05
0.2807994 1.701734e-05
0.2835599 1.698605e-05
0.2826188 1.69594e-05
0.2849983 1.692317e-05
0.2867934 1.705951e-05
0.287218 1.686903e-05
0.2832987 1.681834e-05
0.2867563 1.689007e-05
0.2832247 1.668567e-05
0.2783356 1.697311e-05
0.2811231 1.728524e-05
0.2732564 1.749609e-05
0.2746234 1.749446e-05
0.2674692 1.728203e-05
0.2659756 1.708787e-05
0.2627738 1.73646e-05
0.2607639 1.744241e-05
0.2612306 1.738985e-05
0.2551309 1.713402e-05
0.253996 1.718619e-05
0.2576407 1.689537e-05
0.2637433 1.719233e-05
0.2668781 1.710409e-05
0.2692108 1.73245e-05
0.2744554 1.713536e-05
0.2692213 1.702865e-05
0.2691176 1.701503e-05
0.2718355 1.722434e-05
0.2715111 1.735052e-05
0.2702713 1.726599e-05
0.2721807 1.721997e-05
0.2712263 1.733371e-05
0.2698718 1.742525e-05
0.2707634 1.745809e-05
0.2769952 1.758499e-05
0.2683839 1.734182e-05
0.2708389 1.755414e-05
0.2740084 1.76363e-05
0.2732775 1.769844e-05
0.2751185 1.790311e-05
0.2779148 1.783695e-05
0.278603 1.78606e-05
0.2751485 1.808864e-05
0.2792405 1.789527e-05
0.276719 1.763952e-05
0.2796761 1.754021e-05
0.2761656 1.754952e-05
0.2739079 1.733288e-05
0.2748445 1.766998e-05
0.2770864 1.770713e-05
0.2740928 1.803778e-05
0.2690582 1.791152e-05
0.2687957 1.792771e-05
0.2651617 1.806681e-05
0.2623444 1.818029e-05
0.2646927 1.845702e-05
0.2678159 1.861815e-05
0.2661496 1.865425e-05
0.2681033 1.870205e-05
0.2674786 1.876555e-05
0.2696738 1.886297e-05
0.2696262 1.880788e-05
0.2724272 1.902833e-05
0.2710281 1.90082e-05
0.2725731 1.917292e-05
0.2736327 1.924284e-05
0.2693948 1.919643e-05
0.2690855 1.935237e-05
0.2722715 1.931633e-05
0.2748545 1.929652e-05
0.2776879 1.930283e-05
0.2757285 1.912207e-05
0.2786849 1.94128e-05
0.2811256 1.934401e-05
0.2805815 1.870644e-05
0.2757921 1.918288e-05
0.2772402 1.898759e-05
0.2752247 1.879816e-05
0.2760826 1.904015e-05
0.2746011 1.93529e-05
0.2745938 1.950753e-05
0.2796559 1.965742e-05
0.2817705 1.987417e-05
0.2793744 2.007639e-05
0.2806622 2.017458e-05
0.281875 2.021737e-05
0.2828452 2.045472e-05
0.2829399 2.073238e-05
0.2826561 2.043071e-05
0.2780394 2.062278e-05
0.278349 2.054559e-05
0.2758825 2.059401e-05
0.2762067 2.093503e-05
0.2794118 2.108711e-05
0.2765462 2.100809e-05
0.2723604 2.126689e-05
0.2692115 2.131557e-05
0.2642077 2.1573e-05
0.2631707 2.152659e-05
0.2606207 2.136023e-05
0.2597057 2.118267e-05
0.2643619 2.101574e-05
0.2699172 2.127044e-05
0.2706641 2.098583e-05
0.2686486 2.062165e-05
0.2659308 2.106903e-05
0.2652034 2.109852e-05
0.265687 2.119413e-05
0.2618968 2.144116e-05
0.2615545 2.134567e-05
0.2564428 2.107362e-05
0.2524665 2.093294e-05
0.2573578 2.056843e-05
0.2565902 2.05253e-05
0.2566376 2.049526e-05
0.2540032 2.061992e-05
0.2549842 2.057943e-05
0.2497301 2.05583e-05
0.2412388 2.046293e-05
0.2382286 2.059445e-05
0.2407789 2.0838e-05
0.2406148 2.136235e-05
0.2469277 2.152633e-05
0.2490885 2.166939e-05
0.251253 2.161903e-05
0.2515135 2.187769e-05
0.248831 2.209314e-05
0.2516826 2.215839e-05
0.2547268 2.24812e-05
0.2574795 2.253388e-05
0.2554935 2.253951e-05
0.2571728 2.240618e-05
0.2571181 2.214019e-05
0.25609 2.217616e-05
0.2614913 2.213808e-05
0.2570449 2.244521e-05
0.2580676 2.223105e-05
0.2597617 2.249197e-05
0.2604512 2.254263e-05
0.2619295 2.25352e-05
0.2613024 2.264845e-05
0.261168 2.244771e-05
0.2621875 2.277712e-05
0.2616728 2.282131e-05
0.2634248 2.323045e-05
0.2674492 2.289113e-05
0.2691195 2.28314e-05
0.270087 2.274153e-05
0.2752159 2.268876e-05
0.274116 2.288988e-05
0.2742566 2.288374e-05
0.2767419 2.254029e-05
0.2744919 2.240018e-05
0.2693722 2.194337e-05
0.2669877 2.20316e-05
0.2720108 2.207249e-05
0.2779899 2.224581e-05
0.279886 2.240355e-05
0.2848368 2.225461e-05
0.284805 2.218497e-05
0.2837425 2.216798e-05
0.2850914 2.208889e-05
0.2872724 2.217413e-05
0.2815493 2.215974e-05
0.2811169 2.208712e-05
0.2778307 2.241401e-05
0.2752662 2.218909e-05
0.2666938 2.212696e-05
0.2607667 2.2325e-05
0.2588542 2.237187e-05
0.2595899 2.247163e-05
0.258547 2.229095e-05
0.2589075 2.21981e-05
0.2581993 2.215487e-05
0.2615223 2.191096e-05
0.2618295 2.202351e-05
0.2586201 2.209385e-05
0.2572026 2.178894e-05
0.2525622 2.190156e-05
0.2512864 2.182057e-05
0.2579836 2.188989e-05
0.2614124 2.19636e-05
0.2609756 2.163726e-05
0.2597106 2.150768e-05
0.262337 2.206081e-05
0.264954 2.167304e-05
0.2683516 2.17695e-05
0.2660654 2.148936e-05
0.2580937 2.170165e-05
0.2602132 2.184593e-05
0.2571364 2.184284e-05
0.2540364 2.159569e-05
0.2514004 2.141051e-05
0.2533568 2.13293e-05
0.2552118 2.091891e-05
0.2590854 2.108659e-05
0.2601186 2.124885e-05
0.2552895 2.100191e-05
0.256122 2.12601e-05
0.2556687 2.115726e-05
0.2543964 2.054663e-05
0.2522792 2.02034e-05
0.2548928 2.018437e-05
0.2520041 2.056216e-05
0.2526105 2.054459e-05
0.2496336 2.090755e-05
0.2443078 2.110454e-05
0.2427814 2.112723e-05
0.2449677 2.103297e-05
0.24266 2.085842e-05
0.2404683 2.099535e-05
0.2370032 2.112635e-05
0.2360889 2.112477e-05
0.2392175 2.113213e-05
0.2398683 2.077219e-05
0.2421636 2.113109e-05
0.2483055 2.10576e-05
0.2475188 2.105061e-05
0.2491917 2.110846e-05
0.2478922 2.080504e-05
0.2496195 2.076646e-05
0.2517482 2.064884e-05
0.247021 2.075454e-05
0.2502424 2.059352e-05
0.250915 2.033096e-05
0.2526495 2.059576e-05
0.2499567 2.071696e-05
0.2478078 2.082229e-05
0.2467103 2.095146e-05
0.2463843 2.100079e-05
0.2464716 2.114884e-05
0.2431084 2.108265e-05
0.2357424 2.111275e-05
0.2331336 2.109733e-05
0.2298992 2.115972e-05
0.2300924 2.119258e-05
0.2327503 2.151546e-05
0.2359598 2.145815e-05
0.2368742 2.129992e-05
0.2350892 2.138897e-05
0.2354159 2.103024e-05
0.2353193 2.069357e-05
0.2363872 2.098433e-05
0.2358206 2.07937e-05
0.236601 2.079098e-05
0.2407382 2.060493e-05
0.2481337 2.084497e-05
0.24757 2.088527e-05
0.2474685 2.091584e-05
0.2497985 2.108939e-05
0.2498883 2.130982e-05
0.2517585 2.179892e-05
0.2513831 2.184564e-05
0.2503607 2.208676e-05
0.2512017 2.209027e-05
0.2497213 2.177286e-05
0.2524043 2.144742e-05
0.2560739 2.188833e-05
0.2576785 2.177957e-05
0.2586491 2.184131e-05
0.2637508 2.152947e-05
0.2636368 2.209659e-05
0.2670319 2.235098e-05
0.2657681 2.267854e-05
0.2670475 2.29807e-05
0.2693721 2.332531e-05
0.2762734 2.330597e-05
0.2794211 2.351863e-05
0.2821595 2.352166e-05
0.2826432 2.403607e-05
0.2813194 2.435902e-05
0.2835584 2.416073e-05
0.2816102 2.417879e-05
0.2872581 2.453013e-05
0.2901997 2.406065e-05
0.2875902 2.400475e-05
0.2923375 2.389481e-05
0.292005 2.342103e-05
0.2893808 2.36214e-05
0.2913111 2.36262e-05
0.2918763 2.344455e-05
0.2920879 2.311046e-05
0.2919128 2.321601e-05
0.2899019 2.336839e-05
0.2888227 2.352249e-05
0.291962 2.353888e-05
0.2915634 2.35189e-05
0.2957041 2.351985e-05
0.2980694 2.350879e-05
0.2953756 2.357763e-05
0.2946607 2.342987e-05
0.2945504 2.33284e-05
0.3007105 2.321601e-05
0.2987195 2.336939e-05
0.3046313 2.3481e-05
0.3048706 2.38471e-05
0.3025748 2.395707e-05
0.2992807 2.410117e-05
0.294366 2.404632e-05
0.2960207 2.390715e-05
0.2971974 2.390049e-05
0.2952872 2.380328e-05
0.296302 2.413605e-05
0.3002296 2.417953e-05
0.2977796 2.429604e-05
0.296754 2.378663e-05
0.2961023 2.338943e-05
0.2993591 2.308516e-05
0.2999456 2.314136e-05
0.2965253 2.335908e-05
0.297694 2.328742e-05
0.2989078 2.322631e-05
0.2970186 2.316001e-05
0.3015898 2.290106e-05
0.3016255 2.315354e-05
0.2973158 2.293947e-05
0.2941777 2.274834e-05
0.2908584 2.249267e-05
0.2875237 2.277597e-05
0.2849644 2.267545e-05
0.289197 2.243691e-05
0.2962936 2.228833e-05
0.2982574 2.235169e-05
0.3009256 2.23646e-05
0.2977323 2.238987e-05
0.2988335 2.247513e-05
0.2961099 2.267687e-05
0.2935604 2.298105e-05
0.2946305 2.265568e-05
0.2975638 2.261828e-05
0.3023599 2.271792e-05
0.3043973 2.225614e-05
0.304387 2.269042e-05
0.3037511 2.235311e-05
0.2990182 2.223378e-05
0.3009521 2.230509e-05
0.3006356 2.207467e-05
0.2982816 2.20129e-05
0.2987495 2.202686e-05
0.2926493 2.197966e-05
0.2919671 2.212413e-05
0.2923356 2.228219e-05
0.2962651 2.205807e-05
0.3006306 2.183892e-05
0.294066 2.172305e-05
0.2934713 2.169026e-05
0.2934125 2.155996e-05
0.2937209 2.108448e-05
0.2865375 2.140003e-05
0.2855507 2.127588e-05
0.2870566 2.117274e-05
0.2890677 2.089557e-05
0.2871209 2.075465e-05
0.2855387 2.087665e-05
0.2858409 2.109886e-05
0.289468 2.107315e-05
0.2877087 2.103644e-05
0.2894634 2.104552e-05
0.2934062 2.089545e-05
0.2893958 2.089739e-05
0.2944635 2.087658e-05
0.291621 2.06199e-05
0.2869932 2.040669e-05
0.2887008 2.007098e-05
0.2888091 2.024514e-05
0.290618 2.040777e-05
0.2914148 2.055464e-05
0.2849064 2.043284e-05
0.2823415 2.059577e-05
0.2830272 2.064644e-05
0.2864404 2.05129e-05
0.286411 2.07746e-05
0.2867575 2.064184e-05
0.2810974 2.062735e-05
0.2779263 2.086972e-05
0.2752394 2.098504e-05
0.2748078 2.077264e-05
0.2787051 2.047288e-05
0.2781786 2.001768e-05
0.2791649 2.022476e-05
0.2788714 2.026134e-05
0.2888761 2.027092e-05
0.2881599 2.046091e-05
0.2895521 2.055521e-05
0.2879921 2.04879e-05
0.2876501 2.040164e-05
0.2874295 2.02645e-05
0.2882625 2.029986e-05
0.2819719 2.062859e-05
0.2820115 2.050723e-05
0.2790123 2.006128e-05
0.2805439 2.020652e-05
0.2777155 2.006334e-05
0.28182 1.9961e-05
0.2821599 2.023219e-05
0.2830511 2.011932e-05
0.2839452 1.992674e-05
0.2889904 2.00092e-05
0.2909663 1.98568e-05
0.2938607 1.973107e-05
0.296858 1.984687e-05
0.2930528 2.001858e-05
0.2941689 2.033787e-05
0.2879528 2.050882e-05
0.2913427 2.040871e-05
0.2915042 2.037682e-05
0.2903807 2.05043e-05
0.2887962 2.041181e-05
0.2940871 2.057223e-05
0.2893474 2.046822e-05
0.2932672 2.012882e-05
0.2957692 2.014133e-05
0.2966398 2.00385e-05
0.2996709 2.021388e-05
0.2971431 2.034919e-05
0.2996835 2.060786e-05
0.3014855 2.076082e-05
0.3005187 2.056346e-05
0.2962093 2.059236e-05
0.2910195 2.072158e-05
0.2921175 2.042475e-05
0.2898326 2.016115e-05
0.290216 2.014474e-05
0.293454 2.033728e-05
0.2893228 2.026997e-05
0.2850681 2.006247e-05
0.282389 2.003844e-05
0.2880498 2.007762e-05
0.2860468 1.996686e-05
0.2898658 1.993386e-05
0.2880675 1.949264e-05
0.2871089 1.967926e-05
0.2931217 1.947246e-05
0.2907662 1.937964e-05
0.2937789 1.967348e-05
0.2914632 1.95964e-05
0.29044 1.95317e-05
0.2937626 1.941871e-05
0.2883031 1.945541e-05
0.2865239 1.969498e-05
0.2830271 1.933894e-05
0.2839572 1.915799e-05
0.2841797 1.894738e-05
0.2882136 1.889477e-05
0.2872705 1.879567e-05
0.2922554 1.89305e-05
0.2917737 1.911345e-05
0.289278 1.922159e-05
0.2859613 1.946354e-05
0.2881884 1.957593e-05
0.2873717 1.952877e-05
0.2870608 1.949695e-05
0.288902 1.977725e-05
0.2851787 1.98546e-05
0.2817364 2.003814e-05
0.2850534 2.013964e-05
0.2848864 2.02084e-05
0.2883185 2.031542e-05
0.2871016 2.044805e-05
0.291131 2.017207e-05
0.2954406 2.028518e-05
0.2986983 2.030203e-05
0.2963945 2.043138e-05
0.292027 2.064296e-05
0.2997658 2.063657e-05
0.3037136 2.05141e-05
0.3022198 2.054704e-05
0.3006353 2.049406e-05
0.2991248 2.041172e-05
0.2949514 2.060988e-05
0.2939997 2.075169e-05
0.2967055 2.093625e-05
0.2964191 2.074097e-05
0.2908646 2.061941e-05
0.2881524 2.041151e-05
0.2944417 2.034373e-05
0.2904467 2.007389e-05
0.2883167 2.006713e-05
0.2838158 2.030722e-05
0.2814021 2.009113e-05
0.2800883 2.006647e-05
0.2785557 2.002324e-05
0.2805872 2.012539e-05
0.280553 1.993605e-05
0.2763729 2.013573e-05
0.2810567 2.007827e-05
0.2861865 2.007144e-05
0.281224 2.014311e-05
0.2832864 2.011734e-05
0.2825323 1.98532e-05
0.284803 1.962386e-05
0.2922851 1.944906e-05
0.2904965 1.943541e-05
0.2906599 1.94292e-05
0.2878649 1.910696e-05
0.286386 1.880592e-05
0.2887707 1.844933e-05
0.2872021 1.869035e-05
0.2848608 1.8727e-05
0.2900516 1.852904e-05
0.2891176 1.842556e-05
0.28436 1.852093e-05
0.2908334 1.840081e-05
0.2867667 1.844805e-05
0.2855094 1.848212e-05
0.2829919 1.875596e-05
0.2821387 1.858184e-05
0.282072 1.858047e-05
0.2738955 1.833527e-05
0.2810188 1.854875e-05
0.2746802 1.849104e-05
0.2788023 1.893229e-05
0.2821827 1.90999e-05
0.2846059 1.882012e-05
0.2830303 1.898788e-05
0.2829924 1.906679e-05
0.2834956 1.890206e-05
0.2823977 1.879899e-05
0.281485 1.861656e-05
0.2813527 1.865677e-05
0.2800316 1.836138e-05
0.280558 1.837686e-05
0.2811444 1.837354e-05
0.2843415 1.841708e-05
0.2850022 1.842353e-05
0.2884261 1.843405e-05
0.2863869 1.849431e-05
0.2869453 1.86659e-05
0.2854849 1.864637e-05
0.2873924 1.857523e-05
0.2903852 1.895373e-05
0.2922778 1.897202e-05
0.2932479 1.894834e-05
0.2953256 1.881866e-05
0.3031486 1.909163e-05
0.299451 1.897792e-05
0.3060926 1.89918e-05
0.3047322 1.918885e-05
0.3054588 1.903984e-05
0.3045511 1.8883e-05
0.3073358 1.863355e-05
0.3084332 1.858279e-05
0.3076632 1.856447e-05
0.307608 1.911668e-05
0.306328 1.934699e-05
0.3093467 1.932879e-05
0.3070158 1.926404e-05
0.3006513 1.911902e-05
0.3010933 1.916065e-05
0.297762 1.897282e-05
0.2989696 1.890294e-05
0.2928107 1.884847e-05
0.2977025 1.911067e-05
0.2947665 1.885861e-05
0.2960201 1.926227e-05
0.2982878 1.931657e-05
0.2963414 1.944743e-05
0.2958702 1.92166e-05
0.2988238 1.913137e-05
0.3007039 1.889456e-05
0.3023861 1.904246e-05
0.2977444 1.908501e-05
0.2952481 1.874379e-05
0.2992572 1.862981e-05
0.3002889 1.887627e-05
0.2998346 1.891254e-05
0.2957796 1.887423e-05
0.2966393 1.878175e-05
0.2935769 1.864807e-05
0.2940266 1.873861e-05
0.294236 1.897318e-05
0.2943117 1.866281e-05
0.2944002 1.881747e-05
0.290811 1.895625e-05
0.283133 1.874912e-05
0.2814756 1.857391e-05
0.2844757 1.846467e-05
0.2855666 1.846462e-05
0.2838072 1.850008e-05
0.2814356 1.847796e-05
0.2781818 1.829265e-05
0.2816221 1.841451e-05
0.2802801 1.837772e-05
0.282169 1.832753e-05
0.2896572 1.867609e-05
0.2932187 1.871045e-05
0.2926912 1.874502e-05
0.2914165 1.865721e-05
0.2941144 1.85934e-05
0.2988183 1.839833e-05
0.3021191 1.853387e-05
0.299459 1.851283e-05
0.2984709 1.830198e-05
0.2982232 1.807218e-05
0.2994495 1.815142e-05
0.2988641 1.813306e-05
0.2971194 1.821056e-05
0.2952184 1.796376e-05
0.2956403 1.783555e-05
0.2960909 1.790023e-05
0.2974842 1.775021e-05
0.2949719 1.780575e-05
0.2957388 1.778642e-05
0.2980252 1.74813e-05
0.3005083 1.756627e-05
0.2981876 1.78816e-05
0.2935638 1.798564e-05
0.2887829 1.766026e-05
0.2865076 1.771557e-05
0.2849189 1.763759e-05
0.2864509 1.754025e-05
0.2896501 1.74683e-05
0.2904845 1.763358e-05
0.283251 1.781382e-05
0.2831738 1.794422e-05
0.2834429 1.756943e-05
0.284651 1.752086e-05
0.2840948 1.75362e-05
0.2838705 1.744555e-05
0.2781177 1.757073e-05
0.2746175 1.72404e-05
0.2700268 1.727015e-05
0.2744348 1.71117e-05
0.2725925 1.69905e-05
0.2758593 1.719174e-05
0.2786117 1.714361e-05
0.2792373 1.720041e-05
0.2779952 1.715474e-05
0.2793486 1.714833e-05
0.2799766 1.711161e-05
0.2772153 1.703901e-05
0.2753071 1.682929e-05
0.2764598 1.686257e-05
0.2784888 1.703451e-05
0.2759721 1.709769e-05
0.2805377 1.724011e-05
0.2783049 1.718486e-05
0.2812831 1.735902e-05
0.2840761 1.743576e-05
0.2770548 1.731211e-05
0.2784169 1.75114e-05
0.2791125 1.769191e-05
0.2815898 1.75915e-05
0.2829708 1.744534e-05
0.2810276 1.75737e-05
0.2781336 1.769895e-05
0.2785463 1.776106e-05
0.2808349 1.775199e-05
0.2821793 1.750412e-05
0.2800354 1.742849e-05
0.2791379 1.726123e-05
0.2777822 1.739549e-05
0.2713292 1.732591e-05
0.2734959 1.75118e-05
0.2739098 1.742887e-05
0.268862 1.763963e-05
0.2626465 1.796239e-05
0.2650822 1.787478e-05
0.2603861 1.79155e-05
0.266214 1.808521e-05
0.2737017 1.820211e-05
0.2757366 1.836833e-05
0.2752144 1.832712e-05
0.2697051 1.836494e-05
0.2706741 1.857202e-05
0.2725285 1.823119e-05
0.2743742 1.840551e-05
0.2778693 1.849686e-05
0.2749673 1.806342e-05
0.2746449 1.809566e-05
0.2750659 1.79535e-05
0.2745946 1.779572e-05
0.2752815 1.796499e-05
0.2788154 1.787106e-05
0.281262 1.808772e-05
0.2760946 1.799577e-05
0.2747042 1.799713e-05
0.2721171 1.779177e-05
0.2707647 1.779712e-05
0.2667847 1.78098e-05
0.2651177 1.776824e-05
0.2654712 1.765006e-05
0.2630755 1.790556e-05
0.2635485 1.777752e-05
0.2696576 1.739735e-05
0.2689366 1.769335e-05
0.2707581 1.73597e-05
0.2773639 1.736674e-05
0.2738549 1.726015e-05
0.2703086 1.711543e-05
0.2678431 1.715267e-05
0.2677174 1.713769e-05
0.2724686 1.712034e-05
0.2700377 1.698455e-05
0.2685129 1.690055e-05
0.2719798 1.700826e-05
0.2678748 1.672846e-05
0.2618963 1.700183e-05
0.2593485 1.727454e-05
0.2667675 1.695387e-05
0.2660288 1.712213e-05
0.2680227 1.71942e-05
0.2694206 1.70263e-05
0.2715387 1.703256e-05
0.2709939 1.707746e-05
0.2702628 1.711359e-05
0.2709784 1.734996e-05
0.2740556 1.733918e-05
0.2742895 1.77483e-05
0.2763308 1.785327e-05
0.2749683 1.78536e-05
0.2694142 1.775634e-05
0.2677326 1.806123e-05
0.2647072 1.806766e-05
0.2687938 1.822904e-05
0.2746074 1.813409e-05
0.2692054 1.814247e-05
0.2665106 1.841647e-05
0.2687428 1.811372e-05
0.2705493 1.852295e-05
0.272365 1.846314e-05
0.2708945 1.821903e-05
0.2660268 1.826842e-05
0.2671067 1.843314e-05
0.2708098 1.839951e-05
0.2720145 1.845908e-05
0.2716684 1.853084e-05
0.2706346 1.811387e-05
0.2704989 1.807385e-05
0.2678055 1.832539e-05
0.2673363 1.821918e-05
0.2608584 1.824567e-05
0.2650918 1.820451e-05
0.2709757 1.828974e-05
0.2758784 1.835554e-05
0.2800348 1.85384e-05
0.2837845 1.875873e-05
0.2828668 1.864094e-05
0.2786301 1.857371e-05
0.2766799 1.846588e-05
0.276212 1.846133e-05
0.2758997 1.810803e-05
0.2730078 1.795617e-05
0.2694586 1.790624e-05
0.2678757 1.777507e-05
0.261146 1.780257e-05
0.2582328 1.761332e-05
0.2579108 1.767332e-05
0.2567151 1.772755e-05
0.2543121 1.792198e-05
0.2547938 1.781039e-05
0.2560744 1.779886e-05
0.2568525 1.742208e-05
0.2636587 1.744049e-05
0.2631513 1.729826e-05
0.2604684 1.725962e-05
0.2621101 1.756711e-05
0.2558297 1.774016e-05
0.2497858 1.784641e-05
0.2498628 1.809006e-05
0.2481833 1.806759e-05
0.2553239 1.846889e-05
0.2549511 1.834702e-05
0.2540517 1.822301e-05
0.2525369 1.824209e-05
0.2548075 1.830092e-05
0.2587339 1.831137e-05
0.2594296 1.825995e-05
0.2584572 1.856854e-05
0.2593514 1.846982e-05
0.258146 1.845529e-05
0.2610501 1.871124e-05
0.2638027 1.865836e-05
0.2642884 1.857445e-05
0.2556845 1.908818e-05
0.2537237 1.911242e-05
0.2567456 1.919382e-05
0.2593544 1.924163e-05
0.2598949 1.94145e-05
0.2586307 1.929673e-05
0.2536167 1.925769e-05
0.2537004 1.944453e-05
0.2516314 1.93321e-05
0.2533785 1.920214e-05
0.2533095 1.903279e-05
0.251626 1.886552e-05
0.2520951 1.901496e-05
0.2483189 1.866456e-05
0.2506166 1.854553e-05
0.2507172 1.850191e-05
0.2506214 1.81621e-05
0.2506405 1.851686e-05
0.245769 1.862693e-05
0.2447767 1.868715e-05
0.2443725 1.926193e-05
0.2472159 1.895579e-05
0.246989 1.911867e-05
0.2428138 1.907817e-05
0.2398565 1.91003e-05
0.238726 1.917902e-05
0.2381432 1.902773e-05
0.2386643 1.904611e-05
0.2418307 1.909262e-05
0.2405763 1.897293e-05
0.2385504 1.897855e-05
0.2383796 1.879306e-05
0.2416827 1.853884e-05
0.2431662 1.837901e-05
0.2473541 1.808242e-05
0.2487481 1.787592e-05
0.2462156 1.80985e-05
0.2460486 1.81885e-05
0.2482644 1.845888e-05
0.2439667 1.849156e-05
0.2443248 1.840887e-05
0.2450884 1.846003e-05
0.2451094 1.857711e-05
0.2480366 1.86795e-05
0.24843 1.892892e-05
0.2444239 1.895188e-05
0.2436309 1.897183e-05
0.2440449 1.924559e-05
0.2454151 1.935987e-05
0.2432939 1.895746e-05
0.2470676 1.910176e-05
0.2447819 1.936061e-05
0.2456321 1.948132e-05
0.24295 1.94131e-05
0.2381679 1.928753e-05
0.2363044 1.973944e-05
0.2300653 1.984619e-05
0.2320939 1.957424e-05
0.2348899 1.93481e-05
0.2279273 1.967444e-05
0.229881 1.973076e-05
0.2348926 1.97803e-05
0.2338241 1.998102e-05
0.233245 1.989318e-05
0.2358134 1.982094e-05
0.2325948 2.001787e-05
0.2328692 1.999859e-05
0.2330854 1.984897e-05
0.2306215 1.978917e-05
0.2301237 2.015381e-05
0.2302073 2.026271e-05
0.2290995 2.003002e-05
0.230684 1.978847e-05
0.2337178 1.96267e-05
0.2353743 1.98183e-05
0.235958 1.992124e-05
0.2338456 1.984178e-05
0.2332229 1.995986e-05
0.2341631 2.008657e-05
0.2297541 2.003401e-05
0.2288095 1.973232e-05
0.2280335 1.999192e-05
0.2291005 1.976017e-05
0.2252762 1.989218e-05
0.2220404 1.95743e-05
0.2214028 1.933762e-05
0.2200908 1.920866e-05
0.2159743 1.965513e-05
0.2131393 1.938124e-05
0.2143896 1.888762e-05
0.213595 1.888495e-05
0.2103885 1.942873e-05
0.2125927 1.943036e-05
0.2130556 1.924674e-05
0.2134506 1.959124e-05
0.2127624 1.964389e-05
0.2131025 1.973446e-05
0.2144102 1.952333e-05
0.2137199 1.9501e-05
0.2114321 1.968622e-05
0.2134579 1.991056e-05
0.2147093 1.971382e-05
0.2197956 1.970771e-05
0.2186727 1.965753e-05
0.2241317 1.983633e-05
0.2239655 1.971882e-05
0.2241057 1.965299e-05
0.2221126 1.971538e-05
0.2237469 1.943485e-05
0.2225399 1.922969e-05
0.2282837 1.91919e-05
0.2289578 1.897988e-05
0.2317678 1.90105e-05
0.2306812 1.8713e-05
0.2327678 1.878573e-05
0.2332359 1.866403e-05
0.233231 1.890682e-05
0.2339165 1.842054e-05
0.2338287 1.846926e-05
0.2348697 1.843541e-05
0.230485 1.843881e-05
0.232901 1.844697e-05
0.2339584 1.847068e-05
0.2303148 1.843832e-05
0.2362472 1.824465e-05
0.2356351 1.860152e-05
0.2350491 1.865182e-05
0.2347689 1.891059e-05
0.2321885 1.901493e-05
0.2350326 1.908256e-05
0.2392963 1.919789e-05
0.2391589 1.933298e-05
0.2385148 1.921044e-05
0.2416405 1.89186e-05
0.2471062 1.926914e-05
0.2414902 1.931401e-05
0.2417714 1.940698e-05
0.2376081 1.945287e-05
0.2375981 1.93185e-05
0.2383201 1.928532e-05
0.2376727 1.94704e-05
0.2327134 1.959462e-05
0.2311327 1.97235e-05
0.2344247 1.959053e-05
0.238342 1.959808e-05
0.2347616 1.971742e-05
0.2321859 1.996844e-05
0.2308474 1.993338e-05
0.2288767 1.984866e-05
0.233903 1.993018e-05
0.2323314 2.002329e-05
0.2285705 1.999863e-05
0.2264162 2.000906e-05
0.2312266 1.994406e-05
0.2345033 2.012532e-05
0.233749 2.038248e-05
0.2282898 2.049334e-05
0.2285516 2.01573e-05
0.2286608 2.008672e-05
0.2244954 2.012032e-05
0.2243661 1.992804e-05
0.2253599 1.953474e-05
0.22628 1.981242e-05
0.2344772 1.960891e-05
0.2307674 1.952726e-05
0.2259532 1.949418e-05
0.2224882 1.969904e-05
0.2194792 1.977232e-05
0.2229516 1.97971e-05
0.2196046 1.99135e-05
0.2165923 1.956634e-05
0.2176316 1.921157e-05
0.2173573 1.958396e-05
0.2169699 1.975283e-05
0.2143453 1.985006e-05
0.2141258 1.997594e-05
0.2166447 1.990608e-05
0.2127253 1.981343e-05
0.2150211 1.951746e-05
0.2186329 1.985844e-05
0.2183246 2.003722e-05
0.2209859 2.026357e-05
0.2173002 2.025356e-05
0.2197365 2.036791e-05
0.2177166 2.076325e-05
0.2183584 2.066952e-05
0.2185942 2.073293e-05
0.2204905 2.0713e-05
0.2188378 2.083012e-05
0.2162535 2.042293e-05
0.2128296 2.056318e-05
0.2147759 2.045053e-05
0.2148436 2.034251e-05
0.2170516 2.035436e-05
0.2126403 1.992717e-05
0.2075157 2.010786e-05
0.2048075 2.038026e-05
0.2066702 2.000315e-05
0.2032704 2.00609e-05
0.2031698 2.010832e-05
0.2073882 1.994579e-05
0.2060906 1.998384e-05
0.2031942 1.994708e-05
0.2073371 1.983199e-05
0.2075642 1.993726e-05
0.2078243 2.029329e-05
0.2080377 2.011447e-05
0.2065222 2.034328e-05
0.2148992 2.015758e-05
0.2132176 1.997596e-05
0.2159727 1.985131e-05
0.2179792 1.970808e-05
0.2173262 1.95095e-05
0.2190158 1.947802e-05
0.2154991 1.950479e-05
0.2163542 1.947213e-05
0.2136604 1.93721e-05
0.2167599 1.932526e-05
0.2197 1.935759e-05
0.2165643 1.927258e-05
0.2152378 1.931711e-05
0.2108803 1.921791e-05
0.2086026 1.931595e-05
0.2120368 1.915859e-05
0.2088108 1.917269e-05
0.2091153 1.87972e-05
0.2037631 1.897715e-05
0.2040007 1.866427e-05
0.2024828 1.866421e-05
0.203927 1.888619e-05
0.2027723 1.898239e-05
0.2051564 1.956264e-05
0.2031669 1.964573e-05
0.2057717 1.968878e-05
0.2047385 1.972111e-05
0.20888 1.966802e-05
0.2113148 1.97577e-05
0.2090147 1.981058e-05
0.2131271 1.922139e-05
0.2119551 1.935691e-05
0.209563 1.963974e-05
0.2104499 1.973557e-05
0.2126468 1.94631e-05
0.2108272 1.959303e-05
0.212714 1.951338e-05
0.2141407 1.95656e-05
0.2110027 1.936572e-05
0.2122196 1.940901e-05
0.210735 1.914019e-05
0.2124585 1.932515e-05
0.2086686 1.925397e-05
0.2086314 1.937371e-05
0.2054143 1.936511e-05
0.2135202 1.934041e-05
0.217024 1.932076e-05
0.2178795 1.9257e-05
0.2223263 1.907718e-05
0.2187353 1.880818e-05
0.218375 1.881486e-05
0.2217777 1.891469e-05
0.2226917 1.892973e-05
0.2280251 1.893507e-05
0.231677 1.922595e-05
0.2298581 1.910587e-05
0.2238402 1.902564e-05
0.2236205 1.908661e-05
0.2259771 1.932455e-05
0.2268383 1.94047e-05
0.2280976 1.967198e-05
0.2297032 1.984187e-05
0.2300987 1.967449e-05
0.2306487 1.962869e-05
0.2253244 1.982608e-05
0.2248954 1.995154e-05
0.222476 1.975143e-05
0.2198184 1.991804e-05
0.2222873 1.988479e-05
0.2262218 1.986075e-05
0.2232978 1.99706e-05
0.2231975 1.988923e-05
0.223272 2.004119e-05
0.2276658 1.985417e-05
0.229414 2.033276e-05
0.2367521 2.010815e-05
0.2352864 1.993406e-05
0.2324928 1.987771e-05
0.2357135 1.980323e-05
0.2401082 1.970667e-05
0.2377143 1.958362e-05
0.2400965 1.929676e-05
0.2431459 1.940089e-05
0.238685 1.963925e-05
0.2368186 1.918961e-05
0.2367237 1.913678e-05
0.239875 1.913309e-05
0.2412573 1.92984e-05
0.2347774 1.891746e-05
0.2299785 1.84508e-05
0.2336584 1.843814e-05
0.2331199 1.812636e-05
0.2392385 1.835375e-05
0.2429368 1.840536e-05
0.2454805 1.846213e-05
0.2419301 1.865621e-05
0.2415468 1.86656e-05
0.2430013 1.848644e-05
0.2465263 1.829328e-05
0.2423678 1.832798e-05
0.2377991 1.807433e-05
0.2406355 1.788843e-05
0.2410954 1.747458e-05
0.2392496 1.719166e-05
0.2366172 1.728467e-05
0.2385591 1.718955e-05
0.2365704 1.717775e-05
0.2372207 1.719381e-05
0.2344599 1.715654e-05
0.2339461 1.716421e-05
0.2310975 1.710753e-05
0.2362056 1.687882e-05
0.2368751 1.714737e-05
0.2296324 1.727112e-05
0.2313621 1.758346e-05
0.230804 1.759433e-05
0.2285764 1.764233e-05
0.2339751 1.762251e-05
0.2340731 1.761757e-05
0.2314676 1.7566e-05
0.2276928 1.758945e-05
0.2262137 1.769279e-05
0.2253589 1.776129e-05
0.2245337 1.78795e-05
0.2277754 1.795183e-05
0.2269588 1.804156e-05
0.2226036 1.811454e-05
0.2214262 1.830565e-05
0.219166 1.858728e-05
0.2183992 1.865989e-05
0.2226932 1.861451e-05
0.2253941 1.861788e-05
0.2268658 1.850871e-05
0.2269609 1.831806e-05
0.2259544 1.867085e-05
0.2279286 1.882302e-05
0.226723 1.865171e-05
0.2261068 1.875744e-05
0.2247832 1.884143e-05
0.2226345 1.911423e-05
0.2245098 1.926664e-05
0.2242753 1.926231e-05
0.2287356 1.911799e-05
0.2276304 1.881923e-05
0.2301571 1.905902e-05
0.2340154 1.906165e-05
0.2316313 1.891048e-05
0.2328815 1.86432e-05
0.2287695 1.89267e-05
0.2253053 1.90727e-05
0.2259968 1.936766e-05
0.2265279 1.963178e-05
0.2255498 1.965717e-05
0.2247989 1.962596e-05
0.2263445 1.935489e-05
0.224147 1.913034e-05
0.2255014 1.942911e-05
0.224878 1.911939e-05
0.2224618 1.918786e-05
0.2243475 1.937317e-05
0.2229484 1.93715e-05
0.2262862 1.938791e-05
0.2269734 1.934892e-05
0.2239673 1.933235e-05
0.2226311 1.969138e-05
0.2192783 2.000599e-05
0.2235052 1.995137e-05
0.2240947 2.011693e-05
0.2241411 1.984631e-05
0.2229647 1.937317e-05
0.2215531 1.932838e-05
0.2169674 1.931667e-05
0.215431 1.965479e-05
0.2131319 1.960902e-05
0.2086974 1.946428e-05
0.2075055 1.96963e-05
0.2110954 1.962872e-05
0.2058228 1.98417e-05
0.2026995 2.010307e-05
0.2061959 2.051489e-05
0.2072041 2.082434e-05
0.2075612 2.110859e-05
0.2043753 2.104528e-05
0.2062694 2.109892e-05
0.2057954 2.093001e-05
0.2037141 2.101463e-05
0.2025056 2.089995e-05
0.2002928 2.121881e-05
0.1952625 2.11725e-05
0.1977447 2.123243e-05
0.1937532 2.144412e-05
0.1905973 2.166743e-05
0.1880344 2.200187e-05
0.1890803 2.206708e-05
0.1840461 2.213535e-05
0.181358 2.218614e-05
0.1791257 2.191442e-05
0.1785161 2.180614e-05
0.1800804 2.181857e-05
0.1772652 2.155205e-05
0.1792989 2.152277e-05
0.176243 2.133005e-05
0.1792856 2.155906e-05
0.1811898 2.195957e-05
0.1824897 2.242245e-05
0.1836224 2.224992e-05
0.1827799 2.201495e-05
0.1796348 2.188193e-05
0.1810776 2.177528e-05
0.179488 2.237402e-05
0.1807789 2.214658e-05
0.1764548 2.22257e-05
0.1809757 2.222983e-05
0.1800772 2.242338e-05
0.1772278 2.260799e-05
0.1752739 2.28041e-05
0.1784045 2.289193e-05
0.1803163 2.282564e-05
0.1826356 2.273742e-05
0.1822 2.31e-05
0.1821441 2.279498e-05
0.1831953 2.317094e-05
0.1885813 2.320157e-05
0.1861745 2.344326e-05
0.1836003 2.346021e-05
0.1841769 2.336055e-05
0.1834223 2.304114e-05
0.1818865 2.297805e-05
0.1853367 2.283515e-05
0.189047 2.299083e-05
0.1900664 2.311413e-05
0.1926182 2.283871e-05
0.1943706 2.321363e-05
0.1954078 2.325376e-05
0.1989259 2.323039e-05
0.1945028 2.329381e-05
0.1927113 2.316796e-05
0.1944444 2.341229e-05
0.1920215 2.320518e-05
0.1884653 2.330887e-05
0.1881516 2.34535e-05
0.1884473 2.330515e-05
0.1883815 2.365392e-05
0.1891766 2.411102e-05
0.1872554 2.438263e-05
0.1865903 2.437993e-05
0.1866854 2.471853e-05
0.1857939 2.438233e-05
0.189458 2.440214e-05
0.1936966 2.509434e-05
0.1923798 2.531853e-05
0.1939318 2.564311e-05
0.1886252 2.563672e-05
0.1848189 2.559077e-05
0.1873286 2.540309e-05
0.1879422 2.515888e-05
0.1855499 2.567787e-05
0.1857189 2.554804e-05
0.1862006 2.531823e-05
0.187727 2.535625e-05
0.1886898 2.565872e-05
0.1890847 2.569286e-05
0.1932998 2.605988e-05
0.1933438 2.586504e-05
0.1908755 2.611396e-05
0.1915325 2.626468e-05
0.1848095 2.637636e-05
0.1860095 2.642288e-05
0.1916004 2.689591e-05
0.1915235 2.697908e-05
0.1919112 2.707509e-05
0.1938855 2.709736e-05
0.1974439 2.68436e-05
0.1947764 2.696576e-05
0.1953445 2.675355e-05
0.1938811 2.646268e-05
0.1929871 2.646704e-05
0.1935687 2.611144e-05
0.1872001 2.614934e-05
0.1898871 2.622545e-05
0.1920745 2.598298e-05
0.1906212 2.556616e-05
0.1894742 2.546564e-05
0.1913753 2.595353e-05
0.1869301 2.580215e-05
0.1869947 2.53836e-05
0.1883735 2.565212e-05
0.1880329 2.555147e-05
0.1862525 2.547205e-05
0.1826966 2.560066e-05
0.182923 2.560063e-05
0.1821419 2.546992e-05
0.1774359 2.540743e-05
0.1819886 2.544633e-05
0.1833595 2.543047e-05
0.1843625 2.533279e-05
