486.8446
485.9261
486.2969
487.9094
489.1201
489.6627
489.8584
490.2336
491.0254
491.9479
494.2603
495.1639
497.0542
497.6872
496.5249
495.3376
492.4432
490.6486
491.5061
489.7979
490.2102
490.1968
488.1304
487.8211
490.1954
491.8766
491.926
493.4304
493.8195
495.3372
498.168
499.2736
498.1485
497.8827
498.6291
499.7605
499.3602
497.8811
500.6537
503.1741
503.9815
502.4973
501.3499
499.7298
499.7958
496.259
495.7165
495.9242
495.8571
496.9042
496.1033
495.3226
496.055
498.7777
498.0267
493.7429
493.9769
492.4909
489.6437
489.6879
490.2747
488.151
488.6531
488.6061
490.018
489.3306
489.4283
488.7036
490.6092
490.1428
489.9132
489.2955
491.9592
489.9238
491.2481
492.4195
490.3852
491.7984
493.4434
494.7631
492.8187
494.4522
492.4188
494.8641
494.8201
496.4444
498.0533
498.0528
500.6087
500.0844
500.6026
504.0099
502.5202
503.2962
501.0995
502.573
500.7863
502.0577
502.1839
503.743
502.8922
503.6431
505.2206
504.7993
503.7079
504.358
504.5399
506.5729
509.1612
509.4807
506.7249
504.127
503.9656
507.5622
509.8573
511.1873
510.3063
510.2571
512.5365
512.3143
511.7038
511.1534
513.5063
513.2605
508.7875
506.7912
506.524
504.9661
507.2773
507.6903
507.1001
504.7689
503.8813
505.3293
505.0809
504.4797
502.3842
499.279
498.4578
497.0267
495.6446
496.6431
496.1967
495.1953
492.9281
492.8514
493.3654
493.0327
496.5995
495.2701
495.0862
495.5112
494.2951
492.4092
493.6457
492.4331
494.9853
495.4595
494.9915
494.8371
492.6541
490.2126
492.6881
494.5369
491.9418
493.5016
492.6416
492.4006
493.6127
494.6321
496.1086
495.905
495.5545
496.1011
499.7827
500.6046
501.5023
501.0091
504.966
507.3013
509.3696
509.6574
512.505
513.1356
511.1498
514.3449
513.302
511.4163
511.773
510.8092
511.4836
510.8144
508.6226
507.073
507.3509
507.0605
506.4307
507.4851
509.2033
510.9784
511.3332
510.8562
513.7073
514.305
515.4757
513.2454
511.8858
510.8913
510.1168
512.4118
511.5604
512.1126
512.4118
515.8004
511.8018
510.6933
510.3314
509.0478
505.9896
505.7729
505.1947
503.4886
504.1522
504.5346
504.2757
505.1639
502.9236
502.4936
501.7327
501.3985
499.522
498.8206
497.7368
498.5372
496.5714
497.0274
496.1645
495.1945
497.3173
498.9267
498.7606
496.0213
496.032
496.5911
496.5334
496.9082
496.0259
495.326
497.781
498.4654
498.6376
498.2061
498.9908
498.0182
497.0329
495.612
496.7972
498.5982
500.1101
500.3559
501.1866
498.1941
495.833
496.0101
501.6538
499.6018
496.3168
494.5088
493.8734
492.6851
493.8572
494.9366
495.4124
494.7803
494.9107
494.4761
495.418
495.6109
497.2235
498.5675
497.9836
499.2966
499.1478
499.361
501.9638
502.0228
500.5672
499.8285
500.1027
500.609
498.259
496.9538
497.7852
497.4828
495.8219
495.2972
495.3992
494.1095
493.0064
495.8177
