3.24131
3.409975
3.328492
3.097888
3.063283
3.143191
3.127774
3.432953
3.64203
3.908478
4.005754
4.089452
4.030772
3.958945
4.055
4.243364
4.241119
3.840147
3.741058
3.217193
3.213055
3.313748
3.319179
3.3187
3.323424
3.293693
3.258284
2.989361
2.915388
2.760066
2.843894
2.893992
2.92534
3.046923
3.13717
2.973341
3.106951
3.131485
2.931131
3.220562
3.385071
3.494146
3.405947
3.411895
3.614015
3.433954
3.025575
3.271359
3.160594
2.92057
2.999548
3.269683
3.344065
3.531578
3.175017
3.024509
3.287511
3.337334
3.383993
3.507758
3.345317
3.329711
3.324953
3.299269
3.128696
3.14884
3.267522
3.483057
3.088931
3.125508
2.775272
2.643007
2.605606
2.837583
2.675289
2.921311
2.979784
3.22371
3.282835
3.388848
3.516881
3.582223
3.663845
3.731842
3.569841
3.607129
3.373151
3.304585
3.335787
2.920439
2.796042
2.751955
2.544128
2.659612
2.879402
2.825948
2.957371
3.166118
3.074011
3.046635
3.319386
3.260935
3.316639
3.291805
3.435412
3.601002
3.278607
3.17564
3.033359
2.845618
2.693466
2.47118
2.575285
2.697392
2.922951
3.016941
3.067344
3.198623
3.21
3.387107
3.434236
3.485804
3.672966
3.876252
4.025086
4.08937
3.904939
3.903757
4.140294
4.073449
3.892994
4.005311
3.833363
3.61256
3.534868
3.704094
3.64395
3.604511
3.493177
3.517754
3.508613
3.423512
3.537424
3.810546
4.137812
3.995332
3.79104
3.658477
3.521312
3.720583
3.466049
3.696008
3.678375
3.793042
3.818895
3.594119
3.631647
3.35759
3.624228
3.582858
3.513524
3.543122
3.378191
3.438891
3.611948
3.608806
4.025698
4.041565
3.958285
4.073701
3.920632
3.99011
4.067086
3.862282
3.807024
3.822086
3.675482
3.094637
3.212002
3.400356
3.463777
3.406655
3.268639
3.335472
3.243797
3.305681
3.416336
3.85389
3.983932
4.35974
4.548592
4.538918
4.74903
4.682524
4.472643
4.511128
4.378661
4.256023
4.393568
4.274464
4.147184
3.978196
4.029829
4.005568
4.081816
3.93237
4.016731
3.78325
3.937491
3.981862
3.837841
3.670819
3.660388
3.688442
3.945842
3.72332
3.478311
3.467161
3.274047
3.077683
3.277681
3.582675
3.872848
3.596736
3.526303
3.213284
3.267049
3.611425
3.335658
3.327635
3.348534
3.31062
3.05832
3.080739
2.877747
3.340234
3.567577
3.554551
3.548784
3.425731
3.393852
3.388908
3.544763
3.939886
4.035058
4.092478
3.874358
4.119188
4.226023
4.221648
4.029755
4.218444
4.295261
4.537649
4.552661
4.19509
3.917167
3.748532
3.541471
3.599334
3.435269
3.314381
3.152085
3.257284
3.050927
3.241236
3.27013
3.560864
3.45148
3.596289
3.505499
3.695137
3.679798
3.701456
3.336806
3.25699
3.375434
3.360676
3.076876
3.143619
2.935564
2.921361
2.789262
2.831782
2.773859
2.978808
3.141883
3.17009
3.793203
3.819752
3.802588
3.468426
3.678307
3.983965
3.935892
3.870063
4.282506
3.869727
3.804944
3.623964
3.626658
3.781072
3.728507
3.632645
3.742313
3.551015
3.380113
3.27409
3.468927
3.053593
3.097794
3.370996
3.405814
3.310188
3.621068
3.253325
3.645552
3.592029
3.618808
3.657142
3.271129
3.583703
3.745333
3.280136
3.430185
3.214214
3.231942
3.564251
3.749725
4.069558
4.001744
3.764681
3.830568
3.979711
3.866091
4.017692
3.889144
3.995237
3.880947
3.689068
3.49513
3.522083
3.310071
3.52299
3.841851
4.124697
4.004406
4.168569
4.386698
4.147369
4.540563
4.241568
4.397423
4.206268
4.164196
4.102116
4.041753
3.500788
3.607621
3.554704
3.384908
3.219608
3.420966
3.377074
3.559845
3.87477
3.676067
3.995929
4.193495
4.151929
4.229327
4.627199
4.447775
4.286839
4.150393
4.351302
4.152386
4.09069
3.917512
3.61584
3.601403
3.726329
3.359246
3.281128
3.388749
3.468554
3.547321
3.350207
3.502869
3.200638
3.667907
3.680694
3.338089
3.376576
3.39516
3.582672
3.765636
3.738242
3.845426
3.758427
3.984697
3.812636
3.565281
3.641164
3.561715
3.648042
3.347042
3.484944
3.384201
3.228202
3.289314
3.454499
3.345089
3.599736
3.642006
3.443175
3.519729
3.624829
3.708369
3.890299
3.972215
4.046495
4.216035
4.039288
3.974994
3.991737
3.842715
3.832742
3.604723
3.420906
3.698139
3.551181
3.232171
3.288848
3.349769
3.46229
3.564218
3.501453
3.679129
3.640583
3.610457
3.856817
3.932481
4.220701
4.128842
4.151905
4.240241
3.986153
4.195633
3.934724
3.911395
3.859211
3.777478
3.749773
3.581311
3.576792
3.395534
3.322497
3.331714
3.420479
3.657413
4.128792
4.041822
3.940385
4.09472
3.941747
3.864183
3.727365
3.705607
3.690227
3.85233
3.86638
3.768933
3.627018
3.531261
3.370164
3.45961
3.153055
3.368327
3.282875
3.452118
3.466437
3.28365
3.554293
3.326005
3.355014
3.141563
3.225545
3.291227
3.303939
3.058449
3.098826
3.202796
3.154549
2.994083
3.186982
3.262158
3.317505
3.251934
3.125215
3.381749
3.679727
3.809652
3.825698
4.106924
4.241164
4.148374
4.22155
4.612639
4.527513
4.577526
4.556688
4.634291
4.647569
4.443066
4.153856
4.073734
3.969536
3.680892
3.61167
3.709381
3.508871
3.513988
3.836722
3.827801
4.007373
3.623972
3.261454
3.313663
3.451391
3.553822
3.375534
3.394643
3.253381
3.067651
3.188659
3.145651
3.577145
3.526054
3.768263
3.780542
3.684611
3.616962
3.937394
3.932958
4.088293
4.033654
3.983251
4.019468
4.028563
3.758219
3.821003
3.862415
3.971022
3.892767
3.621002
3.734114
3.602669
3.618256
3.391541
3.358205
3.379686
3.613891
3.514561
3.49354
3.7857
3.765917
3.763664
3.555503
3.780127
3.824394
3.82409
4.130326
4.068034
4.25279
4.153257
4.217339
4.246856
4.089914
4.389887
4.566238
4.50893
4.42166
4.06144
4.085709
4.072958
3.748622
3.559563
3.450289
3.461844
3.636389
3.500144
3.190972
2.969561
2.551046
2.784859
2.804281
3.035368
3.518518
3.720604
3.863617
3.925155
3.901208
3.88327
3.751221
3.915937
3.8194
3.929906
3.658511
3.572695
3.249941
3.49965
3.79119
3.787447
4.026
4.157532
4.277374
4.365036
4.391462
4.424916
4.322334
4.527924
4.651161
4.671961
4.623468
4.518648
4.128087
3.96536
3.76538
3.821727
3.568428
3.878021
3.785137
3.772259
3.534194
3.659232
3.477899
3.638435
3.549024
3.628948
3.493621
3.462871
3.12953
3.147067
2.859167
2.936041
3.183956
3.037562
3.21128
3.194726
3.05912
3.474794
3.677836
3.553324
3.606146
3.628925
3.322524
3.489762
3.482936
3.487708
3.389042
3.353122
3.310558
3.260355
3.282599
2.936874
2.59154
2.730953
2.851371
2.536285
2.914832
2.815166
2.773321
2.756261
2.847828
3.147548
3.499315
3.958574
4.225512
4.193103
4.339454
4.228398
4.194555
4.342927
4.432322
4.400705
4.259778
3.98822
3.823224
3.763338
3.663694
2.981412
3.190586
3.532323
3.643107
3.442616
3.436255
3.255883
3.677519
3.526178
3.819116
3.661419
3.70665
4.17549
4.015363
4.08232
4.365223
4.103446
4.199124
4.132294
4.072639
4.348958
4.338437
4.313001
4.179112
3.713275
3.743936
3.416114
3.196807
3.236845
3.5315
3.508768
3.464791
3.33008
3.333621
3.303837
3.37737
3.480696
3.434885
3.591851
3.374979
3.379202
3.211883
3.230802
3.187176
3.263619
3.311542
3.244061
3.476515
3.570025
3.525683
3.674033
3.607324
3.524667
3.670527
3.659748
3.452312
3.316245
3.569701
3.852964
3.815141
3.976689
3.451405
3.363288
3.322325
3.009537
2.925834
2.427253
2.285933
2.19068
2.268471
2.412001
2.530489
2.409419
2.754431
2.735015
3.016812
2.878526
3.251046
3.285294
3.423114
3.545076
3.879181
4.080264
3.693346
3.692472
3.653179
3.660473
3.583091
3.462007
3.318923
2.989289
2.949009
3.257416
3.201448
2.990605
3.516986
3.507965
3.491617
3.60662
3.302997
3.547591
3.671138
3.586305
3.7689
3.861551
3.758751
3.554063
3.409478
3.411269
3.484815
3.55087
3.381915
3.175618
3.220359
3.010496
3.087203
2.882169
3.182082
3.052071
2.768954
2.77745
2.811676
2.412269
2.24077
2.660884
2.619923
2.55407
3.060477
3.09947
3.582828
3.699482
3.495955
3.380749
3.248233
3.263763
3.629111
3.621286
3.711704
4.064297
3.893662
3.637674
3.275822
3.219201
3.61096
3.680764
3.962778
3.989659
4.107836
3.82072
3.537146
3.958575
4.000289
3.817187
4.139169
4.064073
3.974775
3.879589
3.84714
3.703655
3.821688
4.10188
3.931844
3.983648
4.016405
4.159083
4.317696
4.134379
4.073769
4.183444
4.062332
4.181649
4.261161
4.22206
3.886889
3.693275
3.717004
3.40933
3.394623
3.197581
3.345546
3.355871
3.236131
3.218345
3.120889
2.96266
2.947679
3.067447
2.927461
2.870378
3.138246
3.272736
3.161173
3.190008
3.385509
3.568968
3.688922
3.94283
3.939809
3.706583
4.022799
3.924486
3.978195
3.974144
3.785462
3.864924
3.621648
3.313139
3.447926
3.2548
2.962054
2.98653
2.975171
3.12553
3.280421
3.527445
3.655943
3.723801
4.116137
4.21111
4.429777
4.829255
4.721331
4.671958
4.679621
4.605032
4.584775
4.538602
4.389462
4.271988
4.235869
3.997049
3.792761
3.658157
3.365184
3.307648
3.338354
3.323359
3.609439
3.8512
3.650193
3.643734
3.888611
3.793857
3.883203
3.789573
3.699198
3.616749
3.571147
3.64955
3.615087
3.914016
3.777821
4.057429
3.730384
3.665946
3.568305
3.557081
3.732822
3.899483
3.679491
3.658123
3.453006
3.54635
3.752282
3.890904
4.052331
4.214571
4.285973
4.205201
4.288466
4.211546
4.184305
4.254498
4.175731
4.145355
4.180193
4.035711
3.710988
3.600644
3.223322
3.050028
3.506666
3.16656
3.633051
3.525932
3.400735
3.704582
3.693693
3.457026
3.68756
3.585121
3.569518
3.86391
3.81901
3.681941
3.926804
3.78102
3.615104
3.823175
3.669424
3.824141
4.083393
3.823876
3.574155
3.541925
3.361402
3.725406
3.54555
3.150418
3.185964
3.298565
3.280047
2.987796
3.242906
3.128666
3.058289
2.99337
2.96714
2.717378
2.872732
3.415006
3.074573
2.9843
3.282638
2.942905
2.980384
2.684713
2.649158
2.951258
2.977712
2.903637
2.841688
3.095226
2.739288
3.056943
3.028802
3.083779
2.809985
3.055112
2.926164
2.986773
3.046324
2.805798
2.438638
2.742124
2.562916
2.843938
2.863656
3.071381
3.14275
3.471022
3.354283
3.329024
3.088281
3.042778
3.275113
3.535469
3.657591
3.651661
3.409632
3.361384
3.176259
3.521569
3.469855
3.334327
3.660374
3.524668
3.35668
3.153476
2.863581
2.98419
3.322647
3.201553
3.25788
3.125544
3.21953
3.202947
3.399048
3.622716
3.741383
3.614418
3.534678
3.450858
3.580052
3.710369
3.478365
3.48205
3.769094
3.486211
3.638455
3.477343
3.330944
3.30211
3.551343
3.47794
3.51445
3.56609
3.594329
3.714232
3.516983
3.471632
3.642161
3.603451
3.585506
3.557535
3.783426
3.891695
3.78886
3.740234
3.854271
3.701318
3.70877
4.116609
3.984378
3.936855
4.05794
3.951264
4.013299
3.801828
3.821336
3.71786
3.650596
3.704234
3.911694
3.863501
3.922466
3.772265
3.801194
3.901113
4.147086
3.844088
4.057595
3.815221
3.914411
3.652599
3.788234
3.616887
3.522587
3.481623
3.585202
3.49254
3.759532
3.735155
3.621626
3.522884
3.523901
3.373408
3.372219
3.385794
3.609778
3.407025
3.575579
3.352401
3.461585
3.378029
3.107643
3.233238
3.221188
2.911807
2.92809
3.174529
3.139235
3.326424
3.492414
3.53466
3.430169
3.414935
3.793033
3.896033
4.071596
4.032881
4.033597
3.852738
3.706438
3.753096
3.535215
3.549518
3.400225
3.242736
3.204117
3.636852
3.692428
3.534925
3.418495
3.434366
3.425796
3.764048
4.008137
4.128622
3.956795
4.085997
4.0198
4.128213
3.973688
3.956275
3.891401
4.03857
3.986267
3.853744
3.863223
4.163395
4.268603
4.186422
4.138389
3.890004
3.809307
3.840694
3.979112
3.994957
3.637927
3.644984
3.484989
3.470758
3.117061
3.149738
2.946753
2.933981
3.29338
3.199351
3.324838
3.121059
3.058271
3.053614
3.313737
3.041753
3.320109
3.594319
3.549032
3.356631
3.464676
3.466961
3.647585
3.691912
3.702776
3.878174
3.963966
3.870288
4.024592
3.937424
4.014911
3.942175
3.94641
4.101678
4.100518
4.492088
4.354573
4.579235
4.498287
4.856315
4.705891
4.629681
4.543901
4.46894
4.369159
4.297334
4.246977
3.804589
3.894819
3.990505
3.904449
3.643866
3.943084
3.87467
4.012317
4.058208
4.012069
3.970256
3.814473
3.571031
3.504806
3.451797
3.614988
3.36092
3.097696
3.108559
3.233019
3.151913
3.515597
3.627623
3.448335
3.162867
3.313073
3.65623
3.68733
3.72863
3.670854
3.718757
3.936673
4.372552
4.544371
4.44399
4.001296
3.968941
3.964214
4.101335
3.982708
4.080363
4.248894
4.252956
4.18281
3.862785
4.041329
3.865537
3.837565
3.705256
3.876255
3.84389
3.846641
4.204492
4.445625
4.638838
4.522029
4.223719
4.442646
4.322814
4.27804
4.138395
4.218193
4.328551
3.975694
4.005699
3.74561
3.796933
4.181046
4.026496
3.769084
3.880213
3.804221
3.619531
3.535928
3.826585
3.997359
3.625985
3.423567
3.490296
3.420875
3.165207
3.206199
3.089812
3.15623
3.212954
3.32696
3.379375
3.829457
3.492848
3.625407
3.545401
3.722263
4.174594
3.963881
4.181554
4.070129
4.104167
3.933703
4.068868
3.952349
3.937316
3.843413
3.866741
3.773347
3.859931
3.606369
3.529026
3.339454
3.554953
3.387291
3.71836
3.967861
3.665361
3.789392
3.35677
3.480165
3.384144
3.210617
3.122046
3.025888
3.025528
2.924508
2.994327
3.138646
3.281907
3.261756
3.40227
3.404202
3.519959
3.516411
3.868146
3.990775
4.095765
4.418494
4.787228
4.874977
4.752733
4.63188
4.791095
4.735014
4.57028
4.290836
4.256134
4.024568
3.658863
3.625255
3.40762
3.587849
3.226298
3.274081
3.205353
3.126897
3.514395
3.431793
3.509584
3.622508
3.523272
4.051614
3.957341
4.317827
4.497365
4.662129
4.730262
4.70306
4.646311
4.583689
4.781514
4.516415
4.470597
4.426784
4.230681
4.018176
3.675248
3.668901
3.367851
3.658792
3.525556
3.288616
3.486372
3.342213
3.426174
3.780684
3.717306
3.591954
3.703424
3.853102
3.931262
4.089302
3.925038
3.90647
3.886672
3.912241
3.952198
4.066949
3.928468
4.003475
3.951124
3.507511
3.74649
3.553673
3.589058
3.64227
4.004501
4.034143
4.345497
4.433472
4.311113
4.764604
4.682032
4.728972
4.409302
4.445496
4.613633
4.341658
4.395959
4.668307
4.80953
4.912
5.314843
5.078154
4.854364
4.87009
4.586695
4.70567
4.387518
3.968776
4.102588
4.293064
4.101741
4.013817
3.638072
3.733692
3.924565
3.719243
3.92087
3.781024
3.604175
3.558346
3.686942
3.650109
3.851979
3.913938
4.083188
4.022049
4.440748
4.299902
4.166686
4.236184
4.330433
4.068521
3.642315
3.037172
2.977998
2.923743
3.082386
2.891517
2.914625
2.752149
2.585009
2.620883
2.528108
2.676384
2.685747
2.642539
2.617676
2.830493
3.027423
3.043048
2.779282
3.448277
3.293117
3.195523
3.217667
3.134486
3.149769
3.161533
3.11042
3.25082
3.307239
3.337099
3.124659
3.428176
3.322385
3.67774
3.290756
2.928305
2.976557
3.181586
3.294151
3.27669
3.418553
3.11907
3.082978
3.222193
3.082231
3.218322
3.284363
3.276698
3.365256
3.542809
3.723243
3.685117
3.5751
3.726126
3.812796
3.647867
3.849297
3.823044
3.878858
3.708297
3.803619
3.944592
3.513444
3.513156
3.579797
3.5038
3.635247
3.590262
3.241023
3.197272
3.210204
3.186302
2.971187
2.834569
2.469797
2.613667
2.296864
2.329937
2.590968
3.15427
3.061033
3.084624
3.216089
3.4495
3.379096
3.308269
3.615437
3.773127
3.869813
3.911289
4.102499
4.256207
4.118875
4.639693
4.47895
4.564524
4.491597
4.561282
4.444624
4.396761
4.595034
4.677112
4.543433
4.88818
4.491252
4.57951
4.737856
4.560458
4.958266
5.242623
4.831183
4.946473
4.80467
4.69631
4.61207
4.307587
4.499502
4.274943
3.984448
3.592386
3.544471
3.417768
3.529499
3.435592
3.498897
3.222449
3.40748
3.275976
3.412379
3.50891
3.247204
3.073996
3.078368
3.469832
3.460326
3.48867
3.811385
3.983697
4.030728
4.019893
4.047345
3.873415
4.035565
3.886742
3.932389
3.93702
3.965472
3.795473
3.994395
4.113532
3.766457
3.767909
3.798879
3.618104
3.576222
3.517052
3.688158
3.874469
3.840654
3.944449
3.857755
4.099235
4.22537
4.266607
3.906734
3.887665
3.714121
3.834731
4.396904
4.481915
4.487634
4.596532
4.367916
4.635299
4.644197
4.330197
4.088673
4.078089
3.849736
3.736357
3.673842
3.578857
3.646966
3.43784
3.247243
3.371543
3.347266
3.412885
3.415781
3.338319
3.356513
3.501695
3.160955
3.227894
3.087143
3.099867
3.064979
3.184171
3.276464
3.713519
3.598821
3.948982
3.849176
3.765053
3.702457
3.731317
3.472963
3.518629
3.444521
3.357123
3.918092
3.711464
4.07519
4.191922
3.878015
3.87397
3.685221
3.44907
3.602036
3.416087
3.423671
3.542934
3.375916
3.472945
3.810877
3.753354
3.433235
3.078014
3.295904
3.426938
3.658199
3.356274
3.558275
3.467196
3.549952
3.317178
3.506312
3.336478
3.213681
3.522546
3.361093
3.200972
2.998082
3.203087
3.016284
3.142779
3.469943
3.674004
3.887904
3.632368
3.564759
3.473919
3.134127
3.205032
2.884662
3.086231
3.225863
3.046842
3.360694
3.509483
3.505949
3.837352
3.651968
3.468422
3.240443
3.044764
3.014035
2.952572
3.125258
2.958773
3.031541
3.035875
3.209041
3.240466
3.425863
3.59558
3.429816
3.289685
3.343002
3.002821
2.762918
2.955792
2.848958
3.113381
2.885271
3.036878
3.069988
2.88912
3.033672
3.074024
3.356551
3.611335
3.66462
3.908002
3.848912
3.846584
4.080037
3.930447
3.930122
4.032933
3.968783
4.035959
4.006904
3.926135
3.773901
3.91827
3.708455
3.705087
3.673173
3.63286
3.589542
3.436747
3.21175
3.354745
3.063909
3.226526
3.228739
3.566002
3.615797
3.478974
3.485197
3.656473
3.495401
3.479909
3.771058
3.74542
3.621043
3.775773
3.788248
3.824712
3.798913
3.617733
3.481585
3.54101
3.635581
3.700621
3.693913
3.564568
3.78912
3.922702
3.662597
3.569977
3.904127
3.852705
3.969303
3.955168
4.067968
3.996069
3.791095
4.099911
3.992035
4.086024
4.12063
3.918916
3.994814
4.063055
4.007695
4.152794
3.782157
3.744048
3.656403
3.501777
3.379062
3.393296
3.336252
3.202688
3.22321
3.115491
3.336932
3.530226
3.829907
3.980406
3.820445
3.737399
3.536739
3.689454
3.8755
3.910288
3.850057
3.937856
3.866824
4.009337
3.967232
4.253982
4.564118
4.466014
4.523333
4.513903
4.64316
4.446793
4.582705
4.506495
4.525354
4.369932
4.18753
4.257072
4.421549
4.418755
4.48207
4.44433
4.223039
3.983382
4.015502
3.594982
3.547375
3.507768
3.573163
3.933496
3.598508
3.286577
3.446794
3.381394
3.593213
3.74842
3.397622
3.258355
3.477128
3.428059
3.473804
3.506029
4.116539
4.426089
4.361853
4.286486
4.147035
4.019641
4.114064
4.63502
4.769107
4.937399
4.943498
4.943432
5.060519
5.318242
5.187834
5.0911
4.961967
5.021005
4.991259
4.685592
4.526088
4.914595
4.704391
4.799453
4.760979
4.677037
4.946073
5.050749
5.036857
5.060421
4.961551
4.586156
4.552341
4.43572
4.366155
4.080802
3.890121
4.015568
3.837658
3.67128
3.525647
3.390136
3.454568
3.449616
3.426129
3.630638
3.946492
3.706992
3.508478
3.554854
3.598338
3.605074
3.893485
4.050798
4.287067
4.347388
4.199751
4.416961
4.40812
4.287415
4.194238
4.582867
4.607034
4.381172
4.299986
3.99149
4.035801
4.049369
4.185712
4.187408
3.905884
3.857132
3.941973
3.734332
3.794874
3.7507
3.661555
3.678684
3.71676
3.31551
3.333318
3.455496
3.571019
3.700645
3.724651
3.409071
3.287648
3.704612
3.519572
3.542167
3.312374
3.553797
3.734039
4.004066
4.316254
4.397258
4.586242
4.471718
4.325686
4.359033
4.509774
4.541117
4.566351
4.645764
4.627066
4.623951
4.531939
4.352222
4.391652
4.340673
4.318157
4.447093
4.429923
4.288654
4.086224
3.613203
3.717445
3.960849
4.167033
3.797067
3.736853
3.500362
3.753782
3.601333
3.777279
3.728619
3.485651
3.650032
3.314243
3.187045
3.032767
2.929484
3.263871
3.159675
3.280407
3.16016
3.115997
3.092096
2.827894
2.658458
2.852146
2.75848
2.769412
2.967329
3.034848
2.944916
2.964161
3.181821
3.438163
3.491464
3.361415
3.239698
2.92636
3.101396
3.257306
3.102069
3.285738
3.249346
3.546766
3.46453
3.59298
3.625098
3.786477
3.855321
3.933177
3.934925
3.807104
4.038758
3.993838
3.735625
3.979804
4.034993
3.661681
3.665766
3.515503
3.721722
3.646439
3.468128
3.40604
3.211166
3.086252
3.077196
2.902848
2.879268
2.847687
3.192178
2.7937
2.921131
3.197059
3.0295
3.572838
3.23018
3.232766
3.171908
3.451077
3.512668
3.698202
3.785538
3.450258
3.516142
3.544581
3.420326
3.465439
3.044918
3.060741
3.192257
3.416747
3.255189
3.274604
3.175646
3.325353
3.4378
3.5155
3.6833
3.528085
3.657668
3.634528
3.510994
3.351354
3.237137
3.612117
3.867941
3.938881
3.835625
4.133592
4.33201
4.489477
4.429026
4.458307
4.233768
3.925002
3.92102
3.532994
3.626123
3.251535
3.416644
3.329396
3.688777
3.618301
3.59562
3.382887
3.177329
3.041533
2.888841
3.046204
3.039187
2.67821
2.982982
2.845775
2.973522
2.821014
2.798084
2.851113
3.336071
3.161958
3.410269
3.679548
3.801414
3.783695
3.64925
3.850817
3.558186
3.622188
3.523835
3.433168
3.591344
3.575067
3.799253
3.931829
4.044515
3.985966
4.123865
4.393659
4.203353
3.954911
3.806484
3.80706
4.093414
4.011235
3.751743
3.748498
3.871535
3.856424
4.179746
4.496992
4.491391
4.591575
4.398433
4.388447
4.22479
4.395005
4.107986
4.220492
4.156698
4.29128
4.010027
3.853833
4.202868
3.887178
3.92423
3.63489
3.52014
3.492688
3.547629
3.733789
3.252008
3.082726
2.905437
2.960199
3.028605
3.018451
3.074195
3.175344
2.953835
2.865495
2.710619
2.795445
2.837171
2.914981
2.843876
2.70311
2.705732
3.213113
3.21776
3.120821
3.27452
3.45955
3.274842
3.375517
3.216305
2.944287
3.22487
3.515523
3.618065
4.072779
3.759465
3.750844
3.498372
3.685126
3.693743
3.858892
3.739095
3.834237
4.015796
3.99875
3.963336
3.997699
3.991108
4.254463
4.268623
4.356246
4.175876
4.319339
4.280141
4.137838
4.459625
4.248394
4.326448
4.284957
4.34867
4.223781
4.12377
4.367565
3.829536
3.869751
3.658578
3.476977
3.479678
3.411118
3.504852
3.665729
3.495727
3.410994
3.537014
3.438703
3.27108
3.532849
3.769834
3.491886
3.364182
3.772754
3.584671
3.81593
3.706948
3.539464
3.425947
3.777817
3.883784
3.850297
3.611707
3.730913
3.56914
3.447445
3.248107
3.194032
3.250642
3.506914
3.217624
3.359056
3.436573
3.351448
2.870768
2.833887
2.867138
2.818969
2.690387
2.792914
2.795461
2.76318
2.742744
2.536645
2.609029
2.720792
2.736126
2.981983
3.067001
2.978043
3.096479
3.15214
3.352028
3.735215
4.086539
4.347413
4.36284
4.192367
3.855527
3.908455
3.855327
3.734771
3.651429
3.737464
4.097914
4.162292
3.90081
4.112473
4.156998
3.916986
3.900852
3.421651
3.388209
3.409153
3.460437
3.446265
3.806899
3.804507
3.939883
4.045193
4.190516
4.108941
4.00548
4.032771
3.842122
3.817394
3.771566
3.892562
3.871296
3.934539
4.136559
4.104113
3.95947
3.822748
3.793134
3.424556
3.283926
3.09397
3.045724
2.995454
2.794551
3.134159
3.005907
3.209349
3.285785
3.243445
3.474467
3.289402
3.304691
2.901102
3.206729
3.128422
3.201628
3.300332
3.326332
3.520213
