3.365428
3.544847
3.480221
3.247057
3.009001
2.920333
2.82089
2.613427
2.444123
2.333302
2.419351
2.189541
1.813699
1.966792
1.897084
1.794928
1.72039
1.530202
1.919351
1.789302
1.911508
1.947744
2.117
2.116148
2.065272
2.186848
2.015054
2.270689
1.898077
1.960423
2.355872
2.38707
2.285748
2.156519
2.158894
1.953694
1.533036
1.590213
1.471303
1.035711
1.155121
1.291621
1.158585
1.279499
0.9613394
0.8117997
0.6872511
1.028346
0.9671042
0.8459858
0.6106098
0.5011625
0.6843559
0.719785
0.5928418
0.5500922
0.5822552
0.6197389
0.7511958
0.9175823
0.9162083
1.144511
1.109094
1.467557
1.73974
1.879213
1.884068
1.953842
2.2408
2.437634
2.417387
2.3479
2.210664
2.134192
2.226439
2.373944
2.615162
2.596383
2.526023
2.533329
2.929354
2.972662
2.947924
2.988938
2.668799
2.988934
2.908198
2.944572
3.063905
3.005385
2.901981
3.157041
3.048933
2.944028
2.987033
3.20378
3.110728
3.368421
3.472262
3.532849
3.620621
3.660194
3.870432
3.974987
3.811469
3.978635
3.795684
3.799221
3.957285
3.944745
3.696252
3.457375
3.364471
3.226482
3.128497
3.415779
3.843694
3.61275
3.43286
3.252782
3.090379
3.240605
2.931104
3.071214
3.132842
2.874981
2.781889
2.942531
3.046745
2.65072
2.665186
2.47748
2.448696
2.42465
2.691423
2.648512
2.859012
3.165723
2.856603
2.848019
3.052488
3.118367
3.342982
3.36891
3.830606
3.847243
3.923118
3.695548
3.18826
2.936902
2.586793
2.721529
2.692262
2.577283
2.680078
2.846929
2.815886
2.7826
2.80604
2.952666
2.9242
2.869609
3.039981
3.19082
3.104189
3.145632
3.153434
2.853655
3.115955
3.104069
3.097028
3.004489
3.185792
3.20314
3.002316
3.144781
2.919868
3.276012
3.22751
3.382303
3.470279
3.608985
3.761272
3.710525
3.73067
4.175924
4.391285
4.46362
4.743767
4.683277
4.916484
4.787605
4.86145
4.977018
4.702818
4.682948
4.319074
4.10538
3.900619
3.898555
4.012979
4.058002
3.790979
3.957273
3.972077
4.437961
4.203027
4.383403
4.652729
4.658237
4.457896
3.865198
3.605672
3.705975
3.628564
3.668409
3.744338
3.604445
3.61648
3.793263
3.924103
3.776488
3.747508
3.718709
3.919592
4.037033
3.989165
3.972861
4.135684
3.953556
4.029119
3.884235
3.754012
3.93747
3.91293
3.855466
3.84164
4.191856
4.456269
4.587329
4.305104
4.484067
4.58451
4.76105
4.44275
4.574111
4.306411
4.266626
4.007823
4.256174
4.434436
4.674168
4.705777
4.589165
4.406594
4.477979
4.302448
4.499401
4.758667
4.700573
4.819523
4.988241
4.523496
4.303189
4.611445
4.402616
4.115739
3.83042
4.07469
4.20037
4.161116
4.335957
4.621742
4.569193
4.514967
4.596168
4.444218
4.437224
3.832486
3.671183
3.553757
3.249477
3.129888
3.29662
3.226272
3.154806
3.130144
3.364964
3.485391
3.545918
3.445327
3.679489
3.681595
3.601105
4.009065
3.86616
3.835869
3.566984
3.615874
3.628261
3.875814
4.171356
4.322832
4.278028
4.350931
3.935449
3.785793
4.002888
3.648958
3.788466
3.785691
3.661857
3.300854
3.411647
3.173601
3.106381
2.951234
2.935849
2.898507
2.741165
3.193796
3.374352
3.069048
3.197467
3.245547
3.426561
2.94093
2.938698
3.090491
3.151488
3.034717
3.135015
3.425572
3.489136
3.457158
3.36912
3.296216
3.522393
3.799797
3.352412
3.309077
3.337132
3.245075
3.50562
3.531332
3.539622
3.343966
3.155187
3.209203
3.213648
3.124934
2.610527
2.598905
2.634163
2.51906
2.663729
2.761535
2.85292
3.236942
3.340418
3.352918
3.472893
3.673727
3.441089
3.364704
3.819635
3.93144
3.878467
3.861865
3.766556
3.584606
3.413251
3.537242
3.714117
3.421292
3.488731
3.504705
3.588727
3.404178
3.196313
2.845292
2.902945
3.049317
2.99418
3.016823
2.99596
2.954115
2.896091
3.012507
3.313291
3.371961
3.237623
3.571887
3.753934
3.750312
3.909114
3.873096
3.910448
3.770942
3.586095
3.593236
3.579062
3.684223
3.902916
4.232272
4.512149
4.546667
4.461497
4.306477
4.388891
4.547463
4.395753
4.640215
4.671581
4.456048
4.39026
4.384236
4.555538
4.641075
4.251754
4.288237
4.029082
4.157738
3.939612
4.233112
4.055245
3.776142
3.476372
3.743502
3.90285
3.65896
3.760177
4.228736
4.397922
4.451859
4.692194
4.705698
4.840849
4.982893
5.224048
5.397384
5.023471
4.836081
4.640807
4.54581
4.473715
4.779402
4.694305
5.130755
5.324885
5.186105
5.045567
5.317491
5.632263
5.683011
5.82017
6.033951
5.872831
5.773494
5.673921
5.439484
5.674368
5.892106
5.750422
5.75993
5.737879
5.534736
5.5345
5.706247
5.528467
5.575903
5.159222
5.144636
5.416383
5.403756
5.681421
5.622352
5.583974
5.882332
5.871715
6.027409
6.081032
5.795046
5.687395
5.543636
5.648349
5.792564
5.565692
5.686922
5.666957
5.742046
5.904258
6.115641
6.039062
6.137848
5.973544
5.892558
5.761045
5.558971
5.760867
5.790665
5.750712
5.805422
5.747156
5.746726
5.711735
5.751776
5.642821
5.480601
5.981673
6.115741
5.926798
5.787755
5.706309
5.542482
5.425962
5.475892
5.561393
5.487677
5.337401
5.086313
5.458864
5.405363
5.671942
5.716169
5.631378
5.547694
5.611009
5.631396
5.798189
5.823026
5.825956
5.853916
5.320151
5.228252
5.114068
5.631471
5.439569
5.359835
5.538438
5.362369
5.071686
5.085349
5.131893
5.424893
5.679259
5.800367
5.449507
5.384567
5.234741
5.255693
5.372918
5.363934
5.227111
5.14414
5.139235
5.285454
5.444807
5.45805
5.50297
5.737606
5.754089
5.714832
5.579203
5.154674
5.327607
5.295107
5.445308
5.265531
5.24488
5.248335
4.862902
4.934587
4.827505
4.582614
4.300911
4.429026
4.591099
4.610933
4.591028
4.694656
4.495018
4.737855
5.036971
4.990586
4.613396
4.733844
5.083399
5.118392
4.821533
4.750722
5.017778
5.031702
5.179904
5.365144
5.008782
5.296791
5.448473
5.270809
5.311954
5.381819
5.399441
4.933822
4.731554
4.553762
4.367823
4.477915
4.286449
4.488432
4.428011
4.242008
4.347568
4.358383
4.219243
4.185947
4.477669
4.37945
4.27405
4.176181
4.390501
4.664361
4.478478
4.510987
4.443404
4.465827
4.753749
4.565149
4.637881
4.589142
4.638407
4.695756
4.700166
4.46665
4.421752
4.564081
4.787938
4.926636
4.974103
4.861405
4.97685
4.828104
4.987579
4.842394
4.841215
4.749794
4.441682
4.396644
4.209414
4.366596
4.134451
4.268607
4.513673
4.666387
4.66333
4.608471
4.532623
4.468269
4.347951
4.065007
4.107765
4.308703
4.348151
4.304903
4.471478
4.373322
3.911913
3.720072
3.639085
3.474182
3.410136
3.489966
3.707942
4.14654
4.16917
4.00923
3.882228
3.686747
3.633937
3.37312
3.412971
3.265113
3.255363
3.182936
3.26837
3.086684
3.113133
2.919095
2.848957
2.757881
2.630176
3.053306
3.193337
3.253371
3.221052
2.861061
2.958619
3.153708
3.262906
3.316951
3.04015
2.825958
2.804098
2.834288
3.144121
3.513589
3.433951
3.242206
3.032602
2.738268
2.40835
2.498045
2.623611
2.985907
2.976594
2.662208
2.458579
2.19887
1.923441
1.751231
1.837729
2.000773
1.958757
2.009675
1.944322
1.892823
2.151118
2.335153
2.525424
2.407819
2.692294
2.485807
2.304678
2.303244
2.57081
2.865527
2.873107
3.177377
3.445284
3.263981
3.282448
3.301559
2.928594
2.837562
3.195645
3.449667
3.290789
3.336989
3.132788
3.437627
3.357154
3.069925
3.244676
3.080761
3.183815
3.027061
3.250662
3.46663
3.573688
3.657451
3.29928
3.343393
3.364022
3.543186
3.522383
3.398536
3.378639
3.191871
3.474611
3.225729
3.056819
3.247764
3.238863
3.307216
3.38903
3.458957
3.300469
3.143983
2.861278
2.782736
2.483129
2.177118
1.934449
1.898825
1.798975
2.145838
2.093676
2.315212
2.172314
2.080115
2.093638
2.050219
2.434796
2.49692
2.527032
2.469156
2.43506
2.492332
2.426107
2.552511
2.666607
2.725122
2.669539
2.681644
2.788822
2.60233
3.064789
3.165043
3.497836
3.631318
3.72295
3.811361
3.696688
3.644407
3.425522
3.426032
3.562619
3.829003
4.16848
4.044979
4.012638
4.054685
3.951831
3.964568
3.772662
4.074419
3.902443
3.951218
3.90616
4.176889
4.116747
3.906702
3.902196
3.660067
3.452092
3.315626
3.147994
2.970266
2.815581
3.296126
3.150238
3.103134
3.080834
2.958348
3.002126
3.082656
2.933876
3.102911
3.084619
3.157121
3.239061
3.439735
3.215702
3.30945
3.272545
3.146655
3.140356
3.175156
3.432954
3.735633
4.072192
4.039142
4.327776
4.695429
5.002009
4.717192
4.756131
4.535033
4.618756
4.59829
4.711211
4.704637
4.3997
4.197964
4.004358
4.033986
4.334869
4.508254
4.286306
4.01064
4.210997
4.204966
3.884565
3.759843
3.973452
4.181553
4.15549
4.077797
4.15461
4.193624
4.432727
4.618676
4.613976
4.81715
4.954225
5.464848
5.262211
5.039022
4.927723
5.074057
5.061327
5.155109
5.056381
4.731286
4.996817
5.198468
5.198635
5.160414
5.077669
5.223109
5.07152
5.020417
4.399213
4.683506
4.554535
4.670806
4.567131
4.464628
4.043585
4.16732
4.474122
4.228176
3.725862
3.537638
3.698367
3.914849
3.837775
3.493245
3.598935
3.631452
3.66505
3.830165
3.988445
4.374695
4.12483
4.256058
4.403239
4.673973
4.841303
4.618814
4.526917
4.49217
4.685322
4.769374
4.643069
4.528634
4.712962
4.697186
4.629975
4.486369
4.406074
4.521532
4.431585
4.555738
4.598703
4.953593
5.114839
5.203501
5.229213
5.434133
5.375095
5.437923
5.349483
5.063446
4.794255
5.14287
5.0307
5.046313
4.666594
4.694216
4.828257
4.857406
5.101333
5.136441
4.780338
4.739392
4.602748
4.585001
4.344851
4.426742
3.994654
4.006179
3.652327
3.438967
3.349579
3.40478
3.784847
3.816412
3.894356
3.890765
3.802524
3.845921
4.095297
3.895967
3.648961
3.718748
3.760889
3.824439
3.896731
4.013683
3.943735
4.076533
3.809674
3.571192
3.44799
3.232673
3.400987
3.242177
3.363395
3.625634
3.607021
3.971666
3.985055
4.10337
4.364576
4.023524
4.031912
4.129578
4.077263
4.037512
3.627525
3.372409
3.535165
3.307982
3.249011
3.35038
3.47765
3.314842
3.247818
3.29672
3.121123
3.298989
3.130797
3.293989
3.426625
3.53695
3.373295
3.374044
3.412411
3.529544
3.744624
3.902076
3.773858
3.888046
3.885827
4.052135
4.059991
3.782178
3.618816
3.843408
3.498519
3.495458
3.206297
3.34785
3.498156
3.464691
3.435089
3.680941
3.928795
3.941493
3.753745
3.880197
3.661412
3.97101
3.60637
3.729496
3.43233
3.481837
3.427427
3.582127
3.783879
3.589079
3.337158
3.452526
3.44572
3.367382
3.140658
2.939516
3.069173
2.906247
2.635989
2.491876
2.315389
2.388942
2.486549
2.449706
2.568849
2.889712
3.119988
3.037424
3.269588
3.516758
3.458788
3.532047
3.477992
3.654823
3.524173
3.304538
3.59269
3.815976
3.916132
3.736451
3.723805
3.863175
3.898755
4.185189
4.041272
3.863524
3.915612
3.755572
3.688369
3.779529
3.900379
3.667387
3.631982
3.952383
3.770432
3.614875
3.719908
3.673441
3.71045
3.289765
3.388328
3.019652
3.193787
3.119145
3.310366
3.187822
3.256173
3.377062
3.640944
3.540787
4.093355
4.109775
4.035653
3.810621
3.651708
3.522042
3.436259
3.616481
3.438078
3.83405
3.570565
3.534968
3.662857
3.902844
4.062135
4.296035
4.43988
4.164213
4.121471
4.057093
4.115034
3.567287
3.735582
3.874687
3.590254
3.053388
3.156246
3.177718
3.468132
2.945896
2.818374
2.690902
2.627172
2.775228
2.705272
2.593871
2.438352
2.314982
2.140725
2.442709
2.365322
2.371229
2.640044
2.946436
2.698557
2.804403
2.601908
2.719152
2.840002
2.885206
2.666985
2.950711
2.883046
2.78738
2.57324
2.584616
2.816735
2.931585
2.89374
2.889066
3.283654
3.588937
3.813312
3.867356
4.100266
4.333575
4.355348
4.324281
4.336619
4.406182
4.724512
4.728054
4.552625
4.313572
4.270245
4.255797
4.426578
4.424008
4.541958
4.73971
4.542414
4.386892
4.201579
4.292567
4.190576
4.036479
4.034347
4.017534
4.062972
4.182341
4.242994
4.422432
4.427798
4.256064
4.245888
3.916786
3.913715
3.541128
3.767958
3.877255
3.655952
3.599191
3.704594
4.102578
4.404083
4.157266
3.939434
3.945785
4.085101
4.056593
4.161092
4.626378
4.801055
5.031378
4.854554
4.770027
4.59736
4.908011
4.797656
4.566449
4.703892
4.661026
4.453332
4.342647
4.44088
4.448186
4.558961
4.441493
4.470366
4.670923
4.73107
4.858571
5.112736
5.014482
5.172638
5.034946
5.178206
5.085816
4.897118
4.82092
4.705723
4.688153
4.731392
4.924217
4.823341
4.841698
4.940795
5.082307
4.950791
4.971855
4.926811
4.656332
4.863409
4.891287
4.675344
4.785574
4.665713
4.145403
3.894495
3.907314
3.906842
4.301967
4.266676
4.561872
4.593995
4.730981
4.893414
5.152405
5.224219
5.064252
5.222354
5.367288
5.377013
5.114434
5.132359
4.84269
5.00237
4.713555
4.810301
4.900408
5.125055
5.140511
5.214257
5.485741
5.738371
5.677468
5.622285
5.469623
5.402829
5.129797
4.908877
4.840128
4.765968
4.576996
4.640602
4.408529
4.332985
4.415844
4.535812
4.617614
4.515331
4.501115
4.721088
4.498563
4.62541
4.630778
4.909754
4.783214
4.639524
4.693185
4.497613
4.485846
4.60578
4.665696
4.668853
4.935198
4.99346
4.849616
4.680558
4.385079
4.202959
4.351213
4.337891
3.912966
3.70825
3.777381
3.824541
4.150666
3.747786
3.614317
3.597064
3.715225
3.462533
3.534241
3.494348
3.57957
3.551147
3.845915
4.127731
3.804822
3.859215
3.859405
3.956053
4.063635
4.164737
4.026043
4.144971
3.956375
3.652156
3.942719
3.717358
3.568769
3.651818
3.926528
4.093502
3.956389
4.00972
3.698083
3.946282
3.880818
4.101397
3.994082
4.283257
4.337192
4.19903
4.297113
4.167606
4.261352
3.950607
4.068553
4.05755
4.344761
4.609595
4.940406
4.949657
4.834862
4.976594
4.733764
4.472065
4.591913
4.437925
4.744508
4.937413
4.917044
4.797614
4.805469
4.699146
4.640867
4.63391
4.269322
4.243625
4.288774
4.383555
4.445545
4.319557
4.56668
4.452357
4.129603
4.104846
3.908345
3.981146
4.15115
4.186111
4.43295
4.434091
4.379589
4.328499
4.385735
4.493883
4.601073
4.816706
4.726105
4.56804
4.808128
4.615761
4.495316
4.441184
4.72299
4.77588
4.849669
5.051085
5.13843
4.903868
4.901017
4.710985
4.709225
4.315238
4.480294
4.59675
4.40716
4.338661
4.278349
4.112361
4.051107
4.118426
3.721134
3.579971
3.482648
3.79218
3.970287
3.858921
3.445856
3.477188
3.582488
3.681603
3.981881
3.653815
3.641673
3.483061
3.434899
3.568578
3.55761
3.665368
3.440538
3.326792
3.476711
3.430937
3.63738
3.409918
3.290225
2.959809
3.063677
3.086089
3.085614
3.142347
3.192176
3.489067
3.454114
3.856353
3.926362
3.714491
3.728464
3.802057
3.813105
3.865702
3.555167
3.403761
3.324016
3.372705
3.375584
3.414708
3.493359
3.652638
3.620349
3.548698
3.631139
3.543431
3.400957
3.5223
3.596247
3.403502
3.226075
3.508295
3.631142
3.459588
3.594812
3.604779
3.421493
3.417235
3.419129
3.170813
3.209834
3.10536
3.163648
3.200771
3.313766
3.457829
3.669144
3.569199
3.824377
3.814635
3.544585
3.532045
3.535334
3.537655
3.716833
3.662506
3.760314
3.849672
3.8637
3.851443
3.73917
3.689048
3.714237
3.912008
3.803269
4.145278
4.244905
4.35523
4.182876
4.226413
4.346246
4.334164
4.32511
4.195509
4.468908
4.398792
4.825643
4.916241
4.645856
4.56461
4.759591
4.612481
4.620959
4.814297
4.853787
5.031338
4.907947
4.59015
4.340256
4.251335
4.156354
4.092983
4.143431
4.005051
4.0893
3.793767
3.405047
3.22534
3.115153
3.156789
3.36828
3.329164
3.472633
3.797305
3.764309
3.688564
3.68351
3.425261
3.523028
3.880713
4.138682
4.249467
4.055225
4.132178
4.174928
4.185229
4.190905
3.975672
3.952918
3.876458
4.17359
4.299048
4.365698
4.510059
4.493415
4.674024
4.786311
4.570098
4.441792
4.436285
4.587055
4.560594
4.937454
5.151869
4.998821
4.69427
4.73869
4.742677
5.066642
5.273406
5.555756
5.403898
5.234401
5.28637
5.0094
4.76035
4.668462
4.52572
3.952656
3.711003
3.415032
3.226235
3.086471
3.195365
2.948924
2.889307
2.9028
3.011623
2.684763
2.786693
2.860293
2.976583
2.81152
2.680343
2.504025
2.739222
2.794301
2.805516
2.981001
2.920004
2.855346
2.968183
3.218639
3.253235
3.316821
3.497827
3.486828
3.654647
4.036723
3.936856
3.816857
3.667936
3.60985
3.541445
3.22494
3.645481
3.956558
3.803334
3.513
3.680986
3.571288
2.880788
2.968141
3.22016
2.876608
3.338075
3.516425
3.644404
3.666611
3.920933
3.84204
4.023079
4.09471
4.159248
4.332336
4.174202
4.312737
4.346501
4.408753
4.430933
4.02635
4.068418
4.075879
3.790075
3.679204
3.735117
3.597201
3.599102
3.484128
3.457318
3.462629
3.50713
3.312293
3.316906
3.208788
3.520979
3.372312
3.700351
4.088847
3.993662
4.230787
4.362453
4.21448
4.197018
4.436039
4.305546
4.245264
4.142139
4.29324
3.845385
4.13234
4.352377
4.47592
4.131665
3.893313
4.196626
4.458336
4.53138
4.659622
4.542063
4.438714
4.667468
4.715634
4.903003
4.671841
4.535289
4.825151
4.734706
4.58292
4.604128
4.212492
4.494056
4.36324
4.404199
4.610305
4.811516
4.882888
4.641161
4.326344
4.435932
4.541103
4.230429
4.068145
4.122409
3.900533
3.967816
3.918103
4.064723
3.915797
4.030201
3.948927
4.128443
4.055327
4.061357
4.311818
4.255204
4.022425
3.955606
3.959197
3.859392
3.752645
3.732964
3.81275
3.75405
3.828455
3.653362
3.751001
3.959971
4.375137
3.951249
4.095224
3.982614
4.304975
3.902588
3.894748
3.929664
3.979191
4.059309
4.126661
4.032799
3.897712
3.780881
3.561525
3.6883
3.953803
3.733944
3.946585
3.788267
3.593643
3.619415
3.368352
2.903065
2.847752
2.952138
3.030357
2.991133
3.126983
3.326023
3.50799
3.678448
3.736505
3.795476
4.034859
3.899483
3.781319
3.791755
3.815316
3.910397
3.726842
3.49001
3.444159
3.347788
2.997133
2.839402
2.868934
2.23703
1.668167
1.518289
1.691734
1.502302
1.433744
1.281002
1.420998
1.83998
1.831355
1.853126
1.866765
2.07492
1.902955
2.081697
2.274688
2.632897
2.67117
2.750763
2.743621
2.697592
2.636684
2.826254
2.65899
2.770717
2.737238
3.057361
3.282474
3.282372
3.37584
3.386386
3.53703
3.348987
3.163227
3.175216
3.504924
3.602676
3.411424
3.123051
2.999808
3.043051
2.668877
2.514052
2.079626
2.136759
2.367016
2.158047
2.158482
1.91976
1.939418
2.168773
2.539032
2.130588
2.233
2.439284
2.451441
2.472334
2.398629
2.115626
2.145391
2.51171
2.516929
2.635696
2.553099
2.399715
2.524667
2.506587
2.509311
2.615172
2.648543
2.916082
3.182502
2.821875
2.821312
3.198941
3.011067
2.907365
2.680937
2.741137
2.708867
3.042065
3.089987
3.08367
2.954152
2.940913
2.720658
2.821582
2.843598
2.852516
2.787554
2.900664
3.124782
3.183861
3.16315
3.342272
3.576901
3.320121
3.546154
3.47898
3.541898
3.836406
4.039392
4.351693
4.141922
4.131157
4.235721
4.604004
4.095408
3.863021
3.982309
4.328969
4.408524
4.366365
4.204879
4.238758
4.181297
4.009504
4.037051
4.158883
4.06575
3.964533
3.952504
4.124795
3.788816
3.709448
3.713844
3.511018
3.244385
3.371758
3.330273
3.615723
3.266537
3.427638
3.67438
3.774055
3.863845
3.860778
4.034223
3.894045
3.870479
3.858
3.995032
3.746152
3.641727
3.681161
3.891163
3.778085
3.846382
3.744077
3.643058
3.467592
3.148693
3.361949
3.522857
3.775155
3.611563
3.818974
4.050556
3.802742
3.654761
3.805109
4.212614
3.953907
4.333818
4.330774
4.315968
4.519114
4.598605
4.298481
4.052516
4.313773
4.247919
4.249027
4.176224
3.963836
4.184402
4.241079
4.097925
3.785469
3.272507
3.222352
3.225339
3.294725
3.398541
2.965393
2.780084
2.269877
2.272601
2.249057
2.469193
2.690013
2.679513
2.794157
2.77418
2.387582
2.355682
2.408016
2.383452
2.382146
2.225213
2.159438
2.123849
2.288135
2.105592
2.182615
2.4733
2.654225
2.836478
2.80318
2.476
2.875408
3.056016
3.101491
3.195243
3.089396
3.087409
2.714534
2.943129
2.677453
2.912582
2.933281
3.402866
3.69692
4.082359
3.838291
3.685822
3.538262
3.536304
3.30399
3.517951
3.367482
3.423146
3.584728
3.526065
3.454037
3.091831
3.01608
3.375187
2.898848
3.107155
2.99297
2.829675
2.917261
2.681092
2.591041
2.819798
2.606536
2.689031
2.461142
2.7415
2.690853
2.721766
2.797359
3.017815
2.5775
2.804493
3.003178
2.711572
2.955778
3.102173
2.833953
2.714071
2.622982
2.440431
2.147398
2.323729
2.219641
1.719394
1.808373
1.659436
1.740781
1.674164
1.535072
1.482487
1.994426
2.451195
2.511008
2.900462
3.318701
3.284301
3.401983
3.686198
3.677145
3.961668
3.932617
4.246798
4.066661
4.01579
3.868498
3.741455
4.041766
3.896952
3.909578
3.967458
4.150089
4.284304
4.289327
4.364658
4.327223
4.231242
3.821997
3.476298
3.66866
3.756685
3.44431
3.555573
3.642967
3.881818
3.748624
3.608062
3.58929
3.990548
3.715013
3.843388
3.631273
3.471242
3.676764
3.633162
3.39461
3.435831
3.449053
3.302163
3.717363
3.548681
3.662236
3.847081
3.768116
3.738089
3.525407
3.857714
3.637801
3.545419
3.647868
4.00836
4.022527
4.162611
3.960708
3.809482
3.90605
4.053518
4.184332
3.918681
4.205017
3.854602
3.87984
3.939081
3.980825
3.973185
3.666691
3.677079
3.626874
4.041497
4.335992
4.070538
4.231433
4.555241
3.968232
3.711088
3.833152
4.060846
4.245243
4.160226
4.552707
4.67869
4.654712
4.849879
4.862346
5.048679
4.95521
4.869857
4.664644
4.633631
4.763121
4.971782
5.352348
5.249817
5.040516
4.704762
4.246643
4.250311
4.385124
4.490534
4.485843
4.32122
4.250622
4.025476
4.113951
4.246231
4.36725
3.919287
3.770372
3.795537
4.189237
4.383735
4.244434
4.349039
4.535012
4.396619
4.309127
4.242094
4.148686
4.147471
4.319907
4.229363
4.264102
4.084627
3.957752
3.825823
3.703955
3.692419
3.391273
3.63967
3.550942
3.678784
3.724119
3.699196
3.688384
3.578418
3.746812
3.977881
3.911652
3.998883
3.522333
3.24286
3.086164
3.351011
3.42538
3.214761
3.100493
3.013557
3.271453
3.151567
3.092349
2.815973
2.80534
2.534505
2.681515
2.531352
2.707457
2.945982
2.851663
2.895308
2.873753
2.317304
2.365426
2.444113
2.23333
2.263779
2.629225
2.76489
3.106396
3.161
3.185294
3.427337
3.632689
3.744687
4.089645
4.30984
4.223594
4.064793
4.105329
4.153456
4.159142
4.340182
4.282859
4.411022
4.053304
4.181281
4.584047
4.484354
4.444487
4.733382
4.427588
4.457848
4.018325
3.955745
3.850808
4.064102
3.664733
3.467091
3.802387
3.894999
3.930445
3.660315
3.448202
3.287838
3.3553
3.148474
3.37917
3.743465
3.81365
3.766103
3.566966
3.504892
3.575882
3.622835
3.699522
3.264889
3.30495
3.188863
3.336218
3.166126
3.193683
2.9988
2.871523
2.981443
2.92624
2.866002
2.987397
2.976782
3.080948
2.905336
2.923329
2.71453
3.003533
3.16712
3.216772
3.294434
2.907356
2.940088
3.042636
3.230003
3.089935
3.168703
3.019345
2.846157
3.158362
2.993672
2.940041
2.711286
2.617739
2.687327
2.949731
2.999705
2.974721
3.019956
3.222685
3.366617
3.101932
3.220506
3.557304
3.609775
3.538892
3.147335
3.38668
3.456528
3.338877
3.443652
3.346596
3.09705
3.167871
3.0334
3.245279
3.361204
3.543577
3.480633
3.496973
3.578441
3.666251
3.732871
3.434602
3.55742
3.639183
