0.1677055
0.1429473
0.2540444
0.154456
0.3028817
0.1506787
0.1650197
0.2242794
0.1161553
0.1694718
0.1723707
0.3187907
0.181967
0.1492671
0.08288167
0.1724304
0.2262029
0.4236592
0.419871
0.2922419
0.2466905
0.2581849
0.1523416
0.1588226
0.191645
0.2390718
0.1373547
0.1569684
0.2353467
0.2989948
0.3389387
0.3523051
0.2356038
0.2873464
0.37661
0.1476663
0.1389738
0.1988505
0.5869303
0.4456144
0.378667
0.2375378
0.175134
0.2045336
0.2432505
0.1997285
0.3294781
0.3772573
0.3959949
0.2055605
0.2900596
0.1973504
0.1415363
0.289081
0.2042191
0.2411391
0.3185913
0.2909824
0.202935
0.4761296
0.2307568
0.1796542
0.2133073
0.1685488
0.2316594
0.1706926
0.2030944
0.1702115
0.1987204
0.3591603
0.2339126
0.201132
0.1612674
0.2021402
0.1864977
0.2734208
0.2929632
0.194786
0.2240227
0.1703595
0.08707762
0.1062534
0.2001847
0.2300504
0.2497973
0.182166
0.1464786
0.1936471
0.1900635
0.3529991
0.3439338
0.260151
0.2520942
0.4482298
0.4643785
0.7236184
0.6640318
0.5073031
0.3059456
0.8563557
0.4591548
0.4078613
0.4760572
0.2082867
0.2880472
0.7308016
0.6333617
0.6516262
0.5960092
0.4896971
0.2254253
0.2228074
0.1813168
0.4057337
0.2940128
0.1937467
0.3666284
0.3771095
0.440852
0.214667
0.1179256
0.1489141
0.2469018
0.3508671
0.3855565
0.2571951
0.3246788
0.3758652
0.2562432
0.3729662
0.5355783
0.3228288
0.2607744
0.3726888
0.3860332
0.2814143
0.2065571
0.2583711
0.2904236
0.1507473
0.2105303
0.2066438
0.2540864
0.3455129
0.2144343
0.1913441
0.1279957
0.141168
0.1718189
0.2239834
0.2991553
0.2235615
0.1396187
0.1499343
0.09556302
0.09389822
0.1783505
0.1639079
0.1771516
0.2144765
0.2515422
0.2368545
0.2703861
0.2011654
0.2440106
0.5785803
0.2692535
0.2309373
0.2553773
0.2488904
0.2255397
0.2590248
0.2994947
0.2733167
0.1700383
0.1830476
0.1951247
0.2948528
0.4547075
0.4177628
0.1135746
0.2355416
0.2790848
0.4099252
0.3748483
0.4964259
0.4047633
0.2385326
0.2851098
0.27803
0.2539375
0.3282933
0.240044
0.162232
0.1195733
0.2096748
0.2466085
0.2222306
0.3046475
0.3740079
0.2347861
0.2434783
0.2336129
0.2512015
0.3857797
0.2712344
0.3108851
0.3184374
0.3849157
0.2935808
0.3685516
0.2065116
0.2398018
0.2615829
0.202073
0.1465585
0.1455228
0.1806277
0.162772
0.2967007
0.2704087
0.1685103
0.1141623
0.1531484
0.3101383
0.2619048
0.1892244
0.1994748
0.221132
0.2024609
0.2355227
0.1810479
0.1970051
0.1687103
0.1628743
0.2306764
0.3065946
0.191803
0.1941743
0.1833621
0.1953682
0.1435711
0.1825708
0.3682397
0.2957196
0.2753551
0.2353228
0.2513844
0.2757377
0.317708
0.3599857
0.2451589
0.2540288
0.2633783
0.2435957
0.2404081
0.1735855
0.1449424
0.2677509
0.1871835
0.1948546
0.1950712
0.294195
0.3931782
0.3439385
0.2907094
0.4675276
0.4217
0.5018235
0.3649289
0.2278412
0.2119701
0.2459974
0.4918526
0.3098799
0.3335081
0.3102948
0.2527314
0.1771136
0.2300855
0.2943583
0.3663666
0.2512545
0.2710835
0.2314247
0.3686518
0.4996995
0.7079619
0.2801493
0.2537031
0.4254843
0.4785902
0.3292145
0.2974356
0.4268533
0.3489773
0.2564635
0.1987005
0.3209215
0.1884752
0.1823096
0.2825801
0.2344359
0.3301153
0.2099073
0.1360647
0.1225042
0.1348316
0.1628486
0.132929
0.1388752
0.1618931
0.1653817
0.1716014
0.2035145
0.1549092
0.1477391
0.1876656
0.1347498
0.1391183
0.2407461
0.151627
0.2703479
0.3571411
0.3098753
0.2933809
0.2182269
0.2418917
0.2293145
0.2508152
0.6442745
0.5783758
0.3123768
0.559203
0.4417544
0.32702
0.2261696
0.1768396
0.2601751
0.3370471
0.3823393
0.5378921
0.4020197
0.1934028
0.6396376
1.363843
0.9442558
0.7752312
0.7149413
0.5994609
0.5043852
0.5706469
0.2021138
0.2329499
0.3953343
0.1969165
0.2013304
0.2246918
0.208488
0.1768727
0.1415697
0.1678138
0.1898798
0.2168161
0.2141085
0.2618076
0.2370679
0.1856686
0.2829888
0.2706411
0.1750627
0.1905443
0.1916282
0.3002666
0.2718426
0.224351
0.1932263
0.12106
0.1694296
0.200716
0.21951
0.2197848
0.2152744
0.4850332
0.7417559
0.5203803
0.4840625
0.3776116
0.8324392
0.5027418
0.3595714
0.2897972
0.2855142
0.3758547
0.5298031
0.3883629
0.3273242
0.1806805
0.2528309
0.2461832
0.2039993
0.1430118
0.1974298
0.2031326
0.1723147
0.2604482
0.3224617
0.2532525
0.4451863
0.2757381
0.3013489
0.169512
0.3659988
0.3493924
0.2562631
0.3003377
0.2626839
0.4826203
0.2669768
0.3302821
0.2648497
0.2612507
0.1615585
0.1661396
0.1430385
0.1717422
0.2910457
0.3746558
0.3017813
0.4795905
0.4543341
0.4902964
0.2235025
0.4739881
0.3175874
0.2886035
0.2862613
0.3608659
0.4729723
0.3930421
0.4313292
0.4438279
0.4769145
0.5349922
0.5144874
0.2504442
0.3464714
0.2188165
0.3218455
0.3319048
0.2216513
0.2344354
0.1909578
0.1811262
0.2549004
0.1717409
0.1387996
0.2314975
0.3212886
0.3211312
0.3504225
0.2472378
0.3752211
0.3165138
0.3270333
0.1758116
0.3146169
0.3939017
0.5266162
0.7196403
0.8072646
0.6906555
0.6624301
0.4259562
0.5393321
0.3684992
0.3792125
0.2717217
0.2002748
0.3262709
0.1890816
0.241231
0.3544584
0.3179336
0.2447667
0.2081992
0.1441721
0.2188016
0.2338176
0.3376559
0.1958368
0.1979337
0.2330947
0.244494
0.3510445
0.2398359
0.3396396
0.4080603
0.4742731
0.3648427
0.4639585
0.5239591
0.5263461
0.2774091
0.3695266
0.3746016
0.4287404
0.2470886
0.2490022
0.3052406
0.2683206
0.1799069
0.179267
0.2724836
0.344229
0.474844
0.3776156
0.3061461
0.2518006
0.2424978
0.2321154
0.1864062
0.1632721
0.2024167
0.173916
0.1992843
0.1901653
0.1524381
0.209794
0.2079162
0.1552038
0.305154
0.3435101
0.277492
0.3434465
0.4043413
0.3193132
0.4241135
0.3417388
0.1718157
0.2177013
0.2010911
0.1354536
0.150315
0.2502116
0.3640791
0.3996885
0.1902256
0.2640704
0.3675858
0.3970783
0.5063931
1.030018
0.4183722
0.3319048
0.285785
0.2922822
0.1605061
0.2878636
0.3681942
0.5904196
0.418373
0.2229358
0.2064698
0.2524238
0.4180056
0.3091341
0.1799657
0.3352553
0.2770653
0.2001467
0.225173
0.1698884
0.323378
0.2034372
0.1846194
0.1741335
0.2230803
0.1558695
0.1903392
0.109049
0.1062494
0.135161
0.2148415
0.2505487
0.1733304
0.324204
0.252815
0.2810614
0.4866342
0.4990609
0.5141952
0.2986352
0.2105946
0.1374243
0.1440094
0.1813844
0.2146577
0.2341597
0.1937501
0.1253623
0.1558134
0.1752518
0.240516
0.3412537
0.4347718
0.2749895
0.5011981
0.3870623
0.5050768
0.1920411
0.1564809
0.3292989
0.3067915
0.1986795
0.3257793
0.2289734
0.2193551
0.104868
0.1904042
0.250616
0.3253496
0.4221757
0.6336328
0.3841959
0.1785844
0.1673484
0.1571137
0.1602948
0.1551205
0.2920921
0.1550295
0.1952066
0.2065291
0.343036
0.5158012
0.4090954
0.3427247
0.4509551
0.5237532
0.3925559
0.4674759
0.2922474
0.2471374
0.1906026
0.1442451
0.1714159
0.3386262
0.331657
0.4519138
0.4347482
0.2979534
0.2723755
0.3256606
0.4956489
0.4406342
0.6164304
1.279986
0.5265233
0.2976488
0.1284565
0.2490947
0.2024651
0.1794028
0.3542903
0.4005362
0.3612756
0.1844167
0.3107971
0.6289851
0.953842
0.5831335
0.3199199
0.2937572
0.1658286
0.2708536
0.1302106
0.15066
0.1384022
0.1733417
0.2818351
0.2977149
0.321372
0.2111758
0.1552059
0.14884
0.187185
0.2064046
0.1576896
0.1855943
0.1829148
0.152875
0.2220153
0.3268538
0.3814089
0.4649798
0.926019
0.5776064
0.4567896
0.6434471
0.3442731
0.1692822
0.2246368
0.2308494
0.2847327
0.2864285
0.2360936
0.1985479
0.1697804
0.2878003
0.2338456
0.383198
0.2910685
0.1849822
0.2156414
0.1265258
0.1137848
0.2725534
0.39096
0.4502442
0.2525419
0.3631117
0.2669265
0.4604286
0.5039302
0.4152303
0.2743062
0.1976934
0.149397
0.345295
0.2810457
0.2514657
0.2925348
0.2064207
0.1540108
0.1877801
0.2233222
0.3326563
0.2797197
0.26161
0.197494
0.3097254
0.1874894
0.2293061
0.2341251
0.2998564
0.174603
0.2687551
0.3344126
0.3463771
0.1171051
0.2155453
0.2301475
0.3110275
0.3875521
0.4579672
0.3279233
0.4713488
0.3227162
0.4335034
0.3858292
0.3044845
0.4077978
0.5010313
0.4135892
0.4816786
0.5577925
0.5175457
0.3318894
0.2457966
0.1953386
0.2107764
0.3823995
0.486728
0.3334401
0.4268671
0.4646864
0.3818578
0.4184155
0.4071852
0.3129944
0.1506603
0.2447528
0.359476
0.3007422
0.2850077
0.3011862
0.2490224
0.264967
0.2121477
0.1705466
0.2371952
0.3460804
0.5414225
0.440725
0.3919974
0.6468408
0.5244764
0.3317797
0.2679781
0.2277164
0.3021343
0.2384742
0.3793178
0.3249584
0.2094121
0.4963018
0.5390582
0.746003
0.493389
0.4461734
0.4213641
0.3189646
0.3714746
0.4419761
0.1938765
0.4485803
0.3105734
0.249469
0.3258858
0.689631
0.7399289
0.3955444
0.2781053
0.439953
0.5742983
0.6673733
0.7414083
0.5940635
0.3422708
0.3011011
0.198696
0.2780571
0.3581913
0.3590566
0.3400025
0.3301597
0.4048965
0.393482
0.3416151
0.1515338
0.2508356
0.1158497
0.09102137
0.190629
0.2307371
0.2320311
0.153737
0.2282273
0.1939964
0.148314
0.2287153
0.2245098
0.2658644
0.1637992
0.2371666
0.2461911
0.2112748
0.3901858
0.3432532
0.2865164
0.2737477
0.2563848
0.2258634
0.2358412
0.2171825
0.2091285
0.2839432
0.2563733
0.2143824
0.2155446
0.3462411
0.6303369
0.4626689
0.639507
0.5462401
0.2428815
0.1860763
0.2066169
0.2198054
0.201347
0.1867495
0.1956963
0.2392649
0.1784879
0.1297436
0.1582665
0.1369836
0.3189253
0.2703702
0.2199194
0.1737717
0.2528732
0.2185969
0.2854086
0.2147915
0.3179934
0.3440694
0.3397746
0.4511651
0.4769451
0.5678398
0.2955923
0.4070918
0.4202606
0.2217769
0.4754223
0.9026794
0.3635027
0.3516153
0.2280386
0.1502062
0.1267256
0.1775766
0.2112007
0.3281803
0.1950378
0.08552835
0.2308569
0.2308265
0.2694852
0.3121295
0.3408328
0.2286808
0.2141636
0.1936001
0.1701915
0.1836617
0.2834582
0.3460577
0.3640875
0.3161407
0.2660875
0.2882312
0.5337716
0.5030303
0.2282125
0.2105205
0.384611
0.6802008
0.423389
0.4110867
0.6689933
0.6933172
0.4564841
0.2678642
0.2494878
0.3514292
0.3366665
0.2471972
0.3477049
0.1465428
0.1272455
0.1319064
0.1305798
0.1908932
0.2532151
0.2688442
0.6090336
0.430108
0.3388809
0.4086851
0.3369991
0.3537994
0.3037248
0.3771592
0.3179066
0.459216
0.3934788
0.2559544
0.1910631
0.1370614
0.1294085
0.3415424
0.3550627
0.3101162
0.2295997
0.3473807
0.3811723
0.4883893
0.2292912
0.4493198
0.3702954
0.7663424
0.4697242
0.3261535
0.3427992
0.5456826
0.8008871
0.6426463
0.5416595
0.585403
0.6372149
0.5103978
0.5185533
0.5630301
0.3679222
0.4319214
0.624132
0.4080265
0.3638199
0.3287818
0.4033518
0.3248067
0.1955268
0.1695745
0.2662427
0.2419704
0.2979243
0.4887035
0.5308323
0.5603526
0.5807801
0.6688039
0.5551687
0.6367515
0.6430897
0.5827099
0.7205518
0.8658036
0.7698333
0.6953585
0.4431402
0.8412394
0.6763151
0.8819846
0.5060886
0.6523922
0.2981231
0.1907642
0.2185721
0.2452498
0.2058797
0.2168117
0.1353712
0.1599789
0.241208
0.2807454
0.392325
0.2850923
0.257618
0.4639811
0.4964561
0.5730081
0.6352099
0.7631625
0.8695662
1.001338
0.9173779
0.8663843
0.8865911
0.6811206
0.6944862
0.673069
0.7620869
1.323899
0.7085242
0.4246332
0.4070257
0.5497212
0.619302
0.572768
0.446545
0.6232983
0.960642
0.6232388
0.5203739
0.5444419
0.401035
0.4082716
0.3589485
0.568778
0.2802543
0.303311
0.2602206
0.4659675
0.37729
0.3195274
0.2118868
0.3078745
0.2306908
0.3908632
0.4567076
0.6319278
0.3468899
0.3208305
0.4539593
0.3976555
0.2839803
0.4576174
0.5520793
0.693198
0.9673299
0.5479249
0.5952317
0.65872
1.055744
1.046064
0.8236722
0.6707261
0.4492048
0.4050507
0.4512365
0.6683138
0.4283591
0.4322831
0.7667146
0.872202
0.7864348
0.8693862
0.8640663
0.6589159
0.3428958
0.5444561
0.6463002
1.028224
1.03276
0.7145423
0.5554312
1.184693
0.9191769
1.186072
0.9216114
0.759082
0.8602771
1.349795
1.57761
1.342644
1.924308
1.517768
0.9708864
0.9584969
0.6367237
0.3684823
0.5605205
0.6136873
0.5294203
0.5000951
0.4481283
0.3382456
0.2320784
0.3456622
0.4781236
0.4177242
0.4960482
0.5115726
0.541934
0.4375282
0.3719691
0.351867
0.5261871
0.3344783
0.2529615
0.3008156
0.3104949
0.4756815
0.4317326
0.6711422
0.4946457
0.4148999
0.5397943
0.2944737
0.6276907
0.6991601
0.278385
0.3506314
0.2865064
0.3461622
0.2511757
0.2370304
0.3816083
0.4239252
0.8542171
0.5694016
0.5151655
0.3911434
0.1823916
0.2119607
0.2250036
0.419967
0.331129
0.464627
0.4341293
0.3513512
0.3030389
0.4137925
0.5252524
0.4880164
0.4630459
0.7482755
0.6407253
0.5813951
0.4476491
0.5247408
0.7470178
0.6188748
0.6377869
0.3522324
0.3466455
0.3131452
0.3128205
0.5093962
0.4702833
0.5293766
0.2170866
0.3126306
0.3313119
0.2435817
0.3142237
0.3201188
0.2607871
0.2304051
0.3398713
0.4898553
0.3858619
0.5245756
0.304206
0.2635369
0.2709414
0.2699411
0.4922598
0.205994
0.1588991
0.2707802
0.1716143
0.1445307
0.1793083
0.1853827
0.2379766
0.4938356
0.5117614
0.5579238
0.4894172
0.3451222
0.3476207
0.2039465
0.2868638
0.4614304
0.2589802
0.2844358
0.2350365
0.1697313
0.3141875
0.4455051
0.2656108
0.2892318
0.4022728
0.3253403
0.6553663
0.462755
0.9908055
0.6099313
0.6596648
0.7523651
0.6389481
0.4934253
0.3259437
0.2757013
0.2321383
0.3184079
0.4003402
0.573525
0.6084223
0.8216079
0.4810193
0.3315364
0.5475602
0.3344695
0.3959606
0.4152027
0.3403812
0.3263482
0.4468286
0.9239321
1.098716
1.07105
0.6926747
1.323291
1.31254
1.002818
1.166322
0.9575299
0.9494467
0.6380662
0.4931232
0.5620491
0.4050047
0.3229836
0.3822519
0.529019
1.195584
0.8251403
0.3576135
0.2456975
0.158875
0.2303709
0.1699172
0.2295053
0.3367758
0.4412747
0.3272008
0.3496146
0.4615629
0.5854684
0.7403797
0.9850362
0.6665749
0.6019886
0.4183836
0.5226576
0.3500387
0.4319047
0.3097528
0.2810474
0.3651608
0.2824715
0.1772367
0.2593749
0.3602468
0.4441108
0.3853874
0.7679648
0.6529649
0.8792603
0.7320971
0.449974
0.500377
0.5039273
0.8236823
0.6956267
0.679357
0.7702204
1.160681
0.995557
0.8420243
0.6104935
0.485055
0.3774117
0.3720814
0.4056273
0.6203057
0.7285465
1.206931
0.6509977
0.4195186
0.7172679
0.4939669
0.6417185
0.6689562
1.03929
0.7814823
1.104269
0.9051798
1.448486
1.138614
0.9136847
1.512445
0.7332323
0.7549032
0.3294095
0.3611964
0.2869521
0.250705
0.4640222
0.9165086
0.7915653
0.6983034
0.9052078
0.9198999
0.4814127
0.5496314
0.311165
0.2922149
0.2697922
0.1973116
0.2056638
0.2048305
0.3091654
0.7072003
0.6557451
0.7235279
0.6578237
1.172731
0.6454691
1.015746
0.80388
0.663947
0.5254498
1.063408
1.295079
0.7495502
1.27557
0.7361674
0.6241565
0.7280467
0.5711205
1.230387
0.5739164
0.3350167
0.3264883
0.4486745
0.3086386
0.4831674
0.4848229
0.4348037
0.452908
0.3013418
0.393372
0.3245696
0.2606751
0.3204088
0.23089
0.1855798
0.1925752
0.2326124
0.2313683
0.5017467
0.51255
0.4205055
0.6666989
0.9479531
0.975966
0.7594339
0.6264807
0.568714
0.5462211
0.6332464
0.4921334
0.7564614
0.8038746
0.7690674
0.8579447
0.4432429
0.8627647
0.2810977
0.3114694
0.3472679
0.5005286
0.611994
0.7056844
0.9654808
0.8738704
0.7970882
1.022577
1.077816
0.680425
0.6410692
0.4196404
0.4885119
0.8085818
0.6994092
0.7598727
1.168039
1.586343
0.778112
0.9934802
0.4873573
0.5103059
0.8186385
0.7763877
1.432083
1.460765
1.452671
0.9285393
0.7419625
0.6433108
0.60859
0.4373056
0.1847402
0.1565407
0.1612546
0.3153676
0.2893319
0.2002743
0.4014123
0.604483
0.5375732
0.588537
0.7531837
0.8415358
0.5828748
1.26199
1.368104
1.286999
0.6436552
0.7931671
0.5422763
0.4056444
0.5340321
0.6532759
0.4656332
0.7249631
0.6388204
0.5707091
0.3670181
0.3694618
0.6325377
0.2376964
0.2765915
0.2041883
0.2051049
0.1567142
0.2534291
0.3337364
0.3293993
0.6596608
1.126705
0.7798556
0.7900618
0.953023
1.545087
1.036776
1.1233
0.8649945
0.7470677
0.7872002
0.574015
0.5795711
0.7028109
0.658861
0.5232137
0.6506096
0.6961379
1.143254
1.153816
1.140995
1.088962
1.50148
1.516703
1.040958
0.8328967
0.4578186
0.4166874
0.4021181
0.5140674
0.6762492
0.3533495
0.2959447
0.4162269
0.4451095
0.6387747
0.9094166
0.858983
0.6815949
0.8563454
1.069654
1.056584
0.7768814
0.7504025
0.8326618
0.6156814
0.6616257
1.079451
0.9992191
0.7286612
0.5160991
0.2380506
0.1936471
0.1594502
0.2614937
0.3587708
0.62098
0.6598642
0.3704595
0.4113481
0.4738787
0.3360866
0.2742419
0.3557668
0.4869233
0.3974186
0.3571326
0.3175114
0.3992663
0.2439341
0.2392193
0.1284055
0.1231186
0.2739369
0.2910858
0.1914009
0.152817
0.2814188
0.1881547
0.2389783
0.2269051
0.2381707
0.3590172
0.3077068
0.5437126
0.3272092
0.5459299
0.616977
0.4362679
0.4009806
0.5689981
0.5357782
0.8542533
0.4541138
0.6025077
0.5691099
0.9319388
0.711347
0.5823669
0.340577
0.3707699
0.8789147
0.8148329
0.7856929
0.5019742
0.5974166
0.4876585
0.459928
0.5850634
1.171711
0.8790558
0.8181086
0.7823826
0.410612
0.8507798
0.7063647
0.8646013
0.7380487
0.9273569
1.037569
0.9123107
0.9085418
0.7034509
0.6412611
0.7717457
0.6216633
0.3619067
0.4249781
0.3036881
0.2612043
0.133208
0.1488392
0.1519655
0.1239766
0.2579211
0.2663211
0.5327899
0.4200563
0.2227473
0.165195
0.1963004
0.3919188
0.2641362
0.2688136
0.2434952
0.3096499
0.3626592
0.4719658
0.2748644
0.4381347
0.5573937
0.3952276
0.3336848
0.5191705
0.5697431
0.4504471
0.2713394
0.3203638
0.2908892
0.5460668
0.5374147
0.5042712
0.6866014
0.599699
0.7749416
0.33015
0.3839004
0.5424831
0.4731968
0.3258425
0.5019845
0.3940978
0.2708878
0.2541396
0.2954713
0.2214166
0.2007959
0.1764389
0.1871426
0.2544692
0.5009858
0.2333082
0.2607014
0.3077263
0.4784091
0.3377019
0.3937542
0.388802
0.4597431
0.4597676
0.8542173
0.7160404
0.6862058
0.5118998
0.8974036
0.5723859
0.7407308
0.6612376
1.033749
1.005211
1.352405
1.440638
1.870747
1.280462
1.338116
0.8976539
0.7603529
0.5821126
0.6725948
0.8925726
0.5283958
0.6715334
0.6505835
0.695592
0.5333244
0.232499
0.3537152
0.3362833
0.2169228
0.2693459
0.2283126
0.2354505
0.2284414
0.2964777
0.4188912
0.4871083
0.2902714
0.5842114
0.2214273
0.1930062
0.1685964
0.2661977
0.3660351
0.3016928
0.4174643
0.2257507
0.1380245
0.1846334
0.1370057
0.180502
0.0734687
0.1189341
0.2500934
0.2551313
0.2371659
0.4080568
0.4854143
0.2881675
0.2056534
0.5913702
0.4246822
0.6862978
0.602867
0.5040448
0.5825248
1.406202
0.8568041
0.6026588
0.8655941
0.7749407
0.8241034
0.7196378
1.026752
0.6518999
0.6855943
0.3419336
0.6580489
0.5777182
0.5993687
0.8345864
0.7603819
1.05451
0.7120624
0.8929761
0.344972
0.3674599
0.3098047
0.2879161
0.2376863
0.3734485
0.312246
0.2059215
0.2887262
0.3415481
0.2847862
0.3604138
0.2389128
0.262796
0.3081626
0.2286902
0.2908124
0.3292465
0.2647191
0.2747331
0.2827782
0.2318083
0.4260605
0.3157391
0.5781151
0.4091712
0.4682517
0.7671735
0.7265458
1.153725
0.7800907
1.085496
1.299424
0.8814328
1.189422
0.802174
0.9075822
0.8228013
0.4323206
0.3500244
0.4588746
0.4074279
0.3748686
0.3148381
0.4771521
0.5068021
0.4505331
0.5811114
0.8706346
0.8389311
0.6549085
0.6009547
0.7621798
0.5467217
0.4659986
0.3596165
0.4514411
0.5776923
0.8388148
0.9441499
0.8705964
0.71988
1.837305
1.029111
0.8144077
0.8896336
0.7948112
0.5227144
0.391586
0.6038945
1.044105
0.9915485
0.9893105
1.028631
0.969767
0.7205746
0.7363028
0.5649651
0.4183297
0.5265271
0.3711192
0.5117893
0.5789473
0.5862717
0.4639745
0.3243785
0.4609649
0.6749626
0.9484995
1.026368
1.083989
0.7659254
0.7672996
1.252935
1.084608
0.6971225
0.41091
0.2804864
0.5296168
0.5301286
0.4293969
0.2674713
0.1785543
0.1737742
0.2119583
0.2446812
0.2602264
0.2730631
0.4660269
0.3085314
0.3240845
0.4366628
0.5111106
0.4244983
0.2383546
0.4174829
0.4171449
0.5227322
0.4669468
0.5888196
0.6492755
0.6781691
0.6365056
0.550815
0.6619564
0.4343498
0.4833862
0.5153445
0.354608
0.3997788
0.5652469
0.6840813
0.2955979
0.2301088
0.3035041
0.416057
0.364562
0.4653841
0.6121776
0.9061257
0.5671588
0.6718595
0.5059047
0.6222229
0.764255
0.7569596
0.8637256
0.469212
0.4757027
0.3557871
0.2637543
0.1974152
0.4794316
0.447812
0.4737458
0.4254944
0.5125163
0.4580405
0.4452331
0.3804998
0.5812684
0.3877139
0.3528692
0.3711821
0.5440909
0.4335211
0.525751
0.4176586
0.2233943
0.2015264
0.1425663
0.09982205
0.07130382
0.1004373
0.1541815
0.2055124
0.1873169
0.2562417
0.3163201
0.2410758
0.4028542
0.4314953
0.5554015
0.677698
0.5918137
0.339648
0.2656983
0.3000768
0.265122
0.4159992
0.4847229
0.3487094
0.2367391
0.3620339
0.2293374
0.2309788
0.2527741
0.2323457
0.2447568
0.3351676
0.1539661
0.09656797
0.1277334
0.1477399
0.2461731
0.2457377
0.1823137
0.2127837
0.2216234
0.2483795
0.2337328
0.2659612
0.3402767
0.3007354
0.2542086
0.5779086
1.239866
0.9293605
0.8231202
0.5075031
0.6519551
0.6695903
0.6259225
0.435717
0.2524774
0.191736
0.339572
0.2531811
0.2879212
0.5416975
0.3727326
0.4697429
0.5697823
0.3881606
0.4826682
0.4085269
0.2853681
0.4535903
0.3445837
0.2842745
0.367951
0.3722098
0.4350555
0.4206703
0.5727405
0.5438368
0.599028
0.7304753
0.6828152
0.7683408
1.233205
1.159916
1.119249
0.9582103
1.355817
1.165048
1.07221
0.5447106
0.8484136
0.4903482
0.3775065
0.3512387
0.2506696
0.3520356
0.4767005
1.202381
0.7715144
0.775423
0.8497688
1.128594
0.8865392
0.5810469
0.6888692
0.3527545
0.5949834
0.7300131
1.082157
0.4507286
0.3821858
0.35327
0.2900182
0.2965962
0.1939821
0.222735
0.2403997
0.3014199
0.4770654
0.313544
0.4497347
0.3749729
0.2281719
0.5567975
0.7393543
1.145573
0.933009
0.7858271
0.7305857
0.3417969
0.3597396
0.5126069
0.4951316
0.2408571
0.3512675
0.2587541
0.3143375
0.4856329
0.5943286
0.9223987
0.5059227
0.9133922
0.6696754
0.3055692
0.2523703
0.4599852
0.3255768
0.2943125
0.4943257
0.4909441
0.5153457
0.649199
0.5745808
0.5070577
0.6975713
0.6904026
0.7419742
0.8602437
0.9630505
0.7589698
0.5776901
0.5285964
0.6431019
0.9125076
1.02846
1.677762
0.7962151
0.532418
0.7158018
1.09055
1.028314
0.5026401
0.5453746
0.7711799
1.403562
1.315552
1.882896
0.7502365
0.6056493
0.9419202
0.7937884
0.7721506
0.5880933
0.8113922
0.533354
1.224537
0.9445129
0.905082
1.232889
0.7814186
0.8035934
1.001859
0.95967
0.9770753
0.5635934
0.7651105
0.7774779
0.691803
0.9527667
0.8471242
0.6523832
0.8722446
0.6111922
0.6023677
0.8046629
0.6758687
0.6175773
0.4547457
0.5020047
1.00855
0.5290114
0.5903636
0.4244522
0.2792434
0.2217135
0.1915228
0.1775859
0.1667715
0.1172082
0.2543705
0.2863557
0.2090825
0.2386482
0.3394028
0.2955528
0.4908694
0.3744799
0.5384553
0.3757378
0.4487449
0.3868265
0.4561659
0.7173902
0.3641454
0.7354899
0.5890107
0.6384173
0.4157508
0.4319653
0.4932731
0.3471828
0.4077994
0.5820604
0.5104178
0.4216827
0.4258819
0.2333062
0.1908381
0.3864508
0.3575167
0.4881777
0.5402555
0.5259939
0.438903
0.3926347
0.3973202
0.3650054
0.2444328
0.1972474
0.2806477
0.2198778
0.3035221
0.3986003
0.6027003
0.6280977
0.9054734
0.4712368
0.4261182
0.335763
0.4738207
0.7859428
1.075873
0.8451389
0.7061746
0.4492399
0.4033526
0.5465338
0.3336482
0.2804181
0.2632219
0.3150008
0.2622198
0.1986744
0.1618243
0.1599097
0.1532604
0.1463319
0.2414184
0.2093664
0.3761051
0.6460176
0.7947599
0.2871344
0.4226186
0.406099
0.4243782
0.9414014
0.7528368
0.5444079
0.515625
0.5155455
0.7474769
0.5235945
0.6898551
0.4287179
0.2930712
0.2361804
0.202138
0.1728261
0.193975
0.1979615
0.2143712
0.1703597
0.1633396
0.2528713
0.4751812
0.5414677
0.2986514
0.4427218
0.4522139
0.8112225
0.7655901
0.4350178
0.3895326
0.2343491
0.1834318
0.265831
0.2968021
0.3763565
0.4160229
0.5250121
0.3741373
0.3226089
0.2772553
0.3333758
0.3459693
0.3999865
0.5383076
0.532258
0.4116517
0.6085768
1.688914
1.45484
0.7565322
0.7756653
0.3189387
0.2571916
0.517183
0.3004392
0.2433853
0.3113924
0.4512354
0.5628589
0.4289924
0.8240567
0.46376
0.3321081
0.272331
0.2213242
0.1998189
0.1765804
0.2414854
0.1740836
0.2427497
0.349207
0.3576005
0.3341999
0.3876488
0.4861908
0.2319996
0.1833003
0.1334519
0.2516052
0.2448516
0.2355325
0.5121784
0.5762267
0.6459437
0.5625654
0.3827853
0.3655188
0.2661992
0.4049295
0.5589702
0.7985482
0.4391007
0.2829237
0.1738706
0.1928429
0.1747184
0.2819679
0.2836965
0.336505
0.2552171
0.3947216
0.3445978
0.1848787
0.3765435
0.1991121
0.2932442
0.4008076
0.4184396
0.3148783
0.3041799
0.3987142
0.3961154
0.3506142
0.3640629
0.3991152
0.4092294
0.3296569
0.3223114
0.2476618
0.2763857
0.4389963
0.3591338
0.2422431
0.2517213
0.399296
0.3629688
0.2992932
0.1870788
0.6176909
1.314009
0.9043983
0.5282517
0.4897918
0.4263853
0.3437516
0.1592038
0.1357363
0.1223792
0.2123514
0.4471792
0.3830925
0.633047
0.7279464
0.5810359
0.7347502
0.7379839
0.5031674
0.9117758
1.11319
0.9951442
0.6949251
0.490053
0.4112223
0.3545321
0.222702
0.2543932
0.2769311
0.3873032
0.4040638
